1568576061.9621968 0.0546875 0.009765625 0.995849609375 
1568576061.9621968 0.053466796875 0.00927734375 0.995361328125 
1568576061.9621968 0.0546875 0.010009765625 0.99755859375 
1568576061.9621968 0.055419921875 0.009033203125 0.998779296875 
1568576061.9621968 0.05419921875 0.0087890625 0.995361328125 
1568576061.9621968 0.052490234375 0.011962890625 0.993896484375 
1568576061.9621968 0.053955078125 0.0087890625 0.9951171875 
1568576061.9621968 0.0537109375 0.012451171875 0.996826171875 
1568576061.9621968 0.05517578125 0.01123046875 0.993408203125 
1568576061.9621968 0.0546875 0.01025390625 0.997802734375 
1568576061.9621968 0.0537109375 0.01025390625 0.998046875 
1568576061.9621968 0.054931640625 0.008056640625 0.99853515625 
1568576061.9621968 0.0546875 0.010009765625 0.998046875 
1568576061.9621968 0.0546875 0.010986328125 0.996826171875 
1568576061.9621968 0.052978515625 0.008056640625 0.99951171875 
1568576061.9621968 0.052734375 0.0107421875 0.9970703125 
1568576061.9621968 0.053955078125 0.011474609375 0.99609375 
1568576061.9621968 0.0556640625 0.010498046875 0.99560546875 
1568576061.9621968 0.055419921875 0.009521484375 0.99658203125 
1568576061.9621968 0.05517578125 0.007568359375 0.998046875 
1568576061.9621968 0.05419921875 0.009521484375 0.99755859375 
1568576061.9621968 0.051513671875 0.007568359375 0.99560546875 
1568576061.9621968 0.05419921875 0.01025390625 0.996337890625 
1568576061.9621968 0.0517578125 0.010986328125 0.9970703125 
1568576061.9621968 0.052978515625 0.010498046875 0.997314453125 
1568576061.9621968 0.053955078125 0.0107421875 0.9951171875 
1568576061.9621968 0.05419921875 0.0087890625 0.9970703125 
1568576061.9621968 0.053955078125 0.009765625 0.99658203125 
1568576061.9621968 0.054443359375 0.00927734375 0.9970703125 
1568576061.9621968 0.05322265625 0.0107421875 0.994873046875 
1568576061.9621968 0.052734375 0.009765625 0.9970703125 
1568576061.9621968 0.056396484375 0.010986328125 0.99951171875 
1568576061.9621968 0.055908203125 0.010498046875 0.99658203125 
1568576061.9621968 0.054443359375 0.01171875 1.0 
1568576061.9621968 0.052734375 0.0107421875 0.99169921875 
1568576061.9621968 0.054443359375 0.009521484375 0.994873046875 
1568576061.9621968 0.054931640625 0.010498046875 0.997802734375 
1568576061.9621968 0.05322265625 0.009521484375 0.9951171875 
1568576061.9621968 0.05322265625 0.0107421875 0.994873046875 
1568576061.9621968 0.052490234375 0.00927734375 0.998046875 
1568576061.9621968 0.05078125 0.01123046875 0.99462890625 
1568576061.9621968 0.052734375 0.0126953125 0.997314453125 
1568576061.9621968 0.056396484375 0.0107421875 0.994873046875 
1568576061.9621968 0.0546875 0.010986328125 0.995361328125 
1568576061.9621968 0.05419921875 0.0078125 0.998291015625 
1568576061.9621968 0.053955078125 0.010986328125 0.998291015625 
1568576061.9621968 0.054443359375 0.010498046875 0.997802734375 
1568576061.9621968 0.0537109375 0.011962890625 0.996337890625 
1568576061.9621968 0.052490234375 0.010009765625 0.99951171875 
1568576061.9621968 0.054443359375 0.009521484375 0.99755859375 
1568576061.9621968 0.052001953125 0.01025390625 0.997314453125 
1568576061.9621968 0.0537109375 0.0087890625 0.998291015625 
1568576061.9621968 0.054931640625 0.01123046875 0.9970703125 
1568576061.9621968 0.05517578125 0.010498046875 0.997802734375 
1568576061.9621968 0.052978515625 0.010009765625 0.9951171875 
1568576062.964863 0.0537109375 0.01025390625 0.99658203125 
1568576062.964863 0.0546875 0.009033203125 0.995849609375 
1568576062.964863 0.052734375 0.009765625 0.998046875 
1568576062.964863 0.05419921875 0.009033203125 0.998779296875 
1568576062.964863 0.05224609375 0.0107421875 1.000244140625 
1568576062.964863 0.054443359375 0.007080078125 0.99755859375 
1568576062.964863 0.0546875 0.009765625 0.999755859375 
1568576062.964863 0.052734375 0.00830078125 0.996337890625 
1568576062.964863 0.054443359375 0.010009765625 0.9990234375 
1568576062.964863 0.052734375 0.009765625 0.996337890625 
1568576062.964863 0.05517578125 0.0078125 1.00048828125 
1568576062.964863 0.05419921875 0.00927734375 1.0009765625 
1568576062.964863 0.05126953125 0.010009765625 0.99609375 
1568576062.964863 0.052978515625 0.01025390625 0.998779296875 
1568576062.964863 0.05224609375 0.0107421875 0.995849609375 
1568576062.964863 0.053955078125 0.010498046875 0.99560546875 
1568576062.964863 0.052490234375 0.0107421875 0.996337890625 
1568576062.964863 0.054443359375 0.0107421875 0.99609375 
1568576062.964863 0.054443359375 0.009033203125 0.996337890625 
1568576062.964863 0.053955078125 0.01025390625 0.998291015625 
1568576062.964863 0.05419921875 0.00830078125 0.998779296875 
1568576062.964863 0.053466796875 0.011474609375 0.99560546875 
1568576062.964863 0.054931640625 0.01025390625 0.9990234375 
1568576062.964863 0.053466796875 0.0107421875 0.994873046875 
1568576062.964863 0.055419921875 0.010009765625 0.997802734375 
1568576062.964863 0.05615234375 0.01171875 0.99951171875 
1568576062.964863 0.052734375 0.0087890625 0.997802734375 
1568576062.964863 0.053955078125 0.010498046875 0.992919921875 
1568576062.964863 0.054931640625 0.0087890625 1.0009765625 
1568576062.964863 0.05517578125 0.010498046875 0.9970703125 
1568576062.964863 0.054443359375 0.00927734375 0.997314453125 
1568576062.964863 0.0537109375 0.009521484375 0.995361328125 
1568576062.964863 0.053466796875 0.010986328125 1.001953125 
1568576062.964863 0.055419921875 0.007568359375 1.0 
1568576062.964863 0.053955078125 0.009521484375 0.9970703125 
1568576062.964863 0.05419921875 0.008544921875 0.998046875 
1568576062.964863 0.0537109375 0.009765625 0.99609375 
1568576062.964863 0.05322265625 0.010498046875 0.99609375 
1568576062.964863 0.051513671875 0.00927734375 0.997314453125 
1568576062.964863 0.05615234375 0.01171875 0.995849609375 
1568576062.964863 0.055908203125 0.009033203125 0.9951171875 
1568576062.964863 0.053466796875 0.011474609375 0.99560546875 
1568576062.964863 0.05517578125 0.010009765625 0.996337890625 
1568576062.964863 0.052001953125 0.01171875 0.9970703125 
1568576062.964863 0.054443359375 0.00927734375 0.99609375 
1568576062.964863 0.05322265625 0.01025390625 0.999267578125 
1568576062.964863 0.053466796875 0.011474609375 0.997802734375 
1568576062.964863 0.053466796875 0.0107421875 0.998779296875 
1568576062.964863 0.05517578125 0.0107421875 0.996826171875 
1568576062.964863 0.05419921875 0.01025390625 0.99853515625 
1568576062.964863 0.05419921875 0.010498046875 0.9970703125 
1568576062.964863 0.0546875 0.01123046875 0.998046875 
1568576062.964863 0.0537109375 0.009033203125 0.99658203125 
1568576062.964863 0.052978515625 0.00927734375 0.998046875 
1568576062.964863 0.05419921875 0.01025390625 0.998046875 
1568576062.964863 0.054443359375 0.01025390625 0.99658203125 
1568576062.964863 0.054931640625 0.0087890625 0.998779296875 
1568576062.964863 0.052490234375 0.010009765625 0.99462890625 
1568576062.964863 0.053955078125 0.01123046875 0.998046875 
1568576062.964863 0.0537109375 0.009521484375 0.995849609375 
1568576062.964863 0.05419921875 0.009521484375 0.99853515625 
1568576062.964863 0.05322265625 0.011962890625 0.995361328125 
1568576062.964863 0.052001953125 0.00830078125 0.999755859375 
1568576062.964863 0.054931640625 0.0107421875 0.99658203125 
1568576062.964863 0.052978515625 0.010498046875 1.000244140625 
1568576062.964863 0.053955078125 0.009521484375 0.995849609375 
1568576062.964863 0.053466796875 0.010498046875 1.0009765625 
1568576062.964863 0.05517578125 0.010986328125 0.997802734375 
1568576062.964863 0.05517578125 0.0107421875 0.9951171875 
1568576062.964863 0.0537109375 0.010498046875 0.999267578125 
1568576062.964863 0.052490234375 0.01171875 0.995849609375 
1568576062.964863 0.052001953125 0.01025390625 0.998046875 
1568576062.964863 0.0546875 0.00927734375 0.998046875 
1568576062.964863 0.0537109375 0.01123046875 0.997802734375 
1568576062.964863 0.05517578125 0.010009765625 0.998046875 
1568576062.964863 0.0546875 0.010009765625 0.9990234375 
1568576062.964863 0.053466796875 0.00927734375 0.998779296875 
1568576062.964863 0.0556640625 0.009033203125 0.99462890625 
1568576062.964863 0.052978515625 0.01220703125 0.99951171875 
1568576062.964863 0.052734375 0.010009765625 0.9970703125 
1568576062.964863 0.054443359375 0.011474609375 1.000244140625 
1568576062.964863 0.052978515625 0.009033203125 0.997314453125 
1568576062.964863 0.054931640625 0.009521484375 1.00048828125 
1568576062.964863 0.05419921875 0.01123046875 0.99560546875 
1568576063.971627 0.0517578125 0.01025390625 0.99609375 
1568576063.971627 0.05419921875 0.010986328125 0.99609375 
1568576063.971627 0.054443359375 0.011962890625 0.99853515625 
1568576063.971627 0.052734375 0.009033203125 0.998291015625 
1568576063.971627 0.055419921875 0.012451171875 1.002685546875 
1568576063.971627 0.054443359375 0.010009765625 0.998291015625 
1568576063.971627 0.05419921875 0.008544921875 0.9951171875 
1568576063.971627 0.053955078125 0.01025390625 0.99560546875 
1568576063.971627 0.0517578125 0.01171875 1.00244140625 
1568576063.971627 0.053955078125 0.009033203125 0.99755859375 
1568576063.971627 0.053466796875 0.01025390625 0.997314453125 
1568576063.971627 0.05517578125 0.01025390625 0.99853515625 
1568576063.971627 0.052978515625 0.010498046875 0.999267578125 
1568576063.971627 0.054443359375 0.01025390625 0.997314453125 
1568576063.971627 0.0537109375 0.009765625 0.998779296875 
1568576063.971627 0.053466796875 0.0107421875 0.998046875 
1568576063.971627 0.052001953125 0.01025390625 0.995361328125 
1568576063.971627 0.05322265625 0.009033203125 0.99609375 
1568576063.971627 0.05615234375 0.009033203125 0.996337890625 
1568576063.971627 0.053955078125 0.00927734375 0.9990234375 
1568576063.971627 0.0537109375 0.00927734375 0.99755859375 
1568576063.971627 0.054931640625 0.009765625 0.994384765625 
1568576063.971627 0.0537109375 0.010009765625 0.9990234375 
1568576063.971627 0.052490234375 0.010009765625 0.997314453125 
1568576063.971627 0.05224609375 0.00830078125 0.99755859375 
1568576063.971627 0.053466796875 0.01025390625 0.997802734375 
1568576063.971627 0.05517578125 0.01025390625 0.998291015625 
1568576063.971627 0.05322265625 0.010986328125 0.999267578125 
1568576063.971627 0.0537109375 0.008544921875 0.9970703125 
1568576063.971627 0.053955078125 0.010009765625 0.99462890625 
1568576063.971627 0.0537109375 0.0068359375 0.99951171875 
1568576063.971627 0.055419921875 0.00927734375 0.99365234375 
1568576063.971627 0.055419921875 0.010986328125 0.99560546875 
1568576063.971627 0.0546875 0.00927734375 0.99609375 
1568576063.971627 0.0546875 0.00927734375 0.99951171875 
1568576063.971627 0.0546875 0.00927734375 1.0 
1568576063.971627 0.05419921875 0.01123046875 0.994873046875 
1568576063.971627 0.05517578125 0.0087890625 0.996826171875 
1568576063.971627 0.052978515625 0.009033203125 1.0 
1568576063.971627 0.053466796875 0.009765625 0.9951171875 
1568576063.971627 0.052001953125 0.01123046875 0.99951171875 
1568576063.971627 0.055419921875 0.011962890625 0.997802734375 
1568576063.971627 0.054443359375 0.009765625 0.998046875 
1568576063.971627 0.055908203125 0.01025390625 0.99853515625 
1568576063.971627 0.054443359375 0.01025390625 0.998291015625 
1568576063.971627 0.0537109375 0.01025390625 0.99853515625 
1568576063.971627 0.052490234375 0.0087890625 0.996826171875 
1568576063.971627 0.055908203125 0.01171875 0.994873046875 
1568576063.971627 0.05419921875 0.010009765625 0.997314453125 
1568576063.971627 0.055419921875 0.0078125 0.99560546875 
1568576063.971627 0.0546875 0.0087890625 1.00048828125 
1568576063.971627 0.054443359375 0.00927734375 0.996337890625 
1568576063.971627 0.053955078125 0.009765625 0.99853515625 
1568576063.971627 0.0556640625 0.0126953125 0.997802734375 
1568576063.971627 0.054443359375 0.010498046875 0.99755859375 
1568576063.971627 0.05322265625 0.009765625 0.997314453125 
1568576063.971627 0.054443359375 0.01123046875 0.999267578125 
1568576063.971627 0.05419921875 0.0087890625 0.9931640625 
1568576063.971627 0.053466796875 0.0087890625 0.99755859375 
1568576063.971627 0.052001953125 0.009521484375 0.99560546875 
1568576063.971627 0.0546875 0.010986328125 0.9970703125 
1568576063.971627 0.054443359375 0.00830078125 0.997802734375 
1568576063.971627 0.051513671875 0.01171875 0.99853515625 
1568576063.971627 0.052001953125 0.0087890625 0.994384765625 
1568576063.971627 0.052978515625 0.01171875 1.0 
1568576063.971627 0.055419921875 0.009033203125 0.9990234375 
1568576063.971627 0.05419921875 0.01123046875 0.9951171875 
1568576063.971627 0.0537109375 0.010498046875 0.997314453125 
1568576063.971627 0.0556640625 0.0107421875 0.996826171875 
1568576063.971627 0.0546875 0.01123046875 0.99755859375 
1568576063.971627 0.054443359375 0.01171875 1.00048828125 
1568576063.971627 0.053466796875 0.0087890625 0.9970703125 
1568576063.971627 0.055908203125 0.008544921875 0.997314453125 
1568576063.971627 0.052734375 0.010009765625 0.997802734375 
1568576063.971627 0.05517578125 0.009521484375 0.997314453125 
1568576063.971627 0.0537109375 0.009765625 0.997314453125 
1568576063.971627 0.05322265625 0.0087890625 0.998046875 
1568576063.971627 0.05224609375 0.011474609375 0.997314453125 
1568576063.971627 0.054443359375 0.00927734375 0.998046875 
1568576063.971627 0.05126953125 0.009521484375 0.9951171875 
1568576063.971627 0.0517578125 0.011474609375 1.0009765625 
1568576063.971627 0.053466796875 0.010986328125 0.997802734375 
1568576063.971627 0.054931640625 0.009765625 0.996826171875 
1568576063.971627 0.053466796875 0.009521484375 0.997314453125 
1568576064.978256 0.052978515625 0.01171875 0.998291015625 
1568576064.978256 0.053466796875 0.010009765625 0.99658203125 
1568576064.978256 0.0537109375 0.00830078125 0.999755859375 
1568576064.978256 0.053466796875 0.010009765625 0.999267578125 
1568576064.978256 0.052978515625 0.010498046875 0.996826171875 
1568576064.978256 0.054443359375 0.012451171875 0.997314453125 
1568576064.978256 0.054443359375 0.011474609375 0.99755859375 
1568576064.978256 0.0556640625 0.01025390625 0.997314453125 
1568576064.978256 0.054931640625 0.01025390625 1.000732421875 
1568576064.978256 0.05517578125 0.009033203125 0.99560546875 
1568576064.978256 0.054443359375 0.009765625 0.99755859375 
1568576064.978256 0.055419921875 0.010498046875 0.99658203125 
1568576064.978256 0.05322265625 0.011474609375 0.997802734375 
1568576064.978256 0.053955078125 0.0107421875 0.995849609375 
1568576064.978256 0.054931640625 0.00830078125 0.998291015625 
1568576064.978256 0.05615234375 0.01171875 1.004150390625 
1568576064.978256 0.054931640625 0.01123046875 0.999267578125 
1568576064.978256 0.052490234375 0.010986328125 0.99462890625 
1568576064.978256 0.05322265625 0.01220703125 0.994140625 
1568576064.978256 0.05322265625 0.01220703125 0.99560546875 
1568576064.978256 0.053955078125 0.009521484375 0.99658203125 
1568576064.978256 0.051513671875 0.009033203125 0.99658203125 
1568576064.978256 0.055419921875 0.010009765625 1.000244140625 
1568576064.978256 0.053955078125 0.010498046875 1.00048828125 
1568576064.978256 0.0517578125 0.009033203125 1.0009765625 
1568576064.978256 0.055419921875 0.010986328125 0.99560546875 
1568576064.978256 0.056884765625 0.010498046875 0.999755859375 
1568576064.978256 0.054931640625 0.009765625 0.997802734375 
1568576064.978256 0.053955078125 0.0107421875 0.99853515625 
1568576064.978256 0.053466796875 0.009521484375 0.998291015625 
1568576064.978256 0.053466796875 0.010986328125 0.9970703125 
1568576064.978256 0.0546875 0.009521484375 0.995849609375 
1568576064.978256 0.053955078125 0.01123046875 0.99658203125 
1568576064.978256 0.055419921875 0.009521484375 0.998046875 
1568576064.978256 0.0537109375 0.01025390625 0.99462890625 
1568576064.978256 0.0537109375 0.01025390625 0.997314453125 
1568576064.978256 0.05322265625 0.009521484375 0.999755859375 
1568576064.978256 0.05419921875 0.01123046875 0.998779296875 
1568576064.978256 0.052734375 0.011474609375 0.999755859375 
1568576064.978256 0.054443359375 0.0107421875 0.995361328125 
1568576064.978256 0.05419921875 0.010498046875 0.997314453125 
1568576064.978256 0.053466796875 0.011474609375 0.995361328125 
1568576064.978256 0.053955078125 0.011474609375 0.998046875 
1568576064.978256 0.052490234375 0.01123046875 0.99462890625 
1568576064.978256 0.052490234375 0.01220703125 0.9970703125 
1568576064.978256 0.05322265625 0.010986328125 0.99853515625 
1568576064.978256 0.0517578125 0.01025390625 0.998291015625 
1568576064.978256 0.0546875 0.00927734375 0.997314453125 
1568576064.978256 0.052978515625 0.01171875 0.9951171875 
1568576064.978256 0.052978515625 0.009765625 0.99609375 
1568576064.978256 0.053466796875 0.01171875 0.995849609375 
1568576064.978256 0.05322265625 0.009521484375 0.994873046875 
1568576064.978256 0.052978515625 0.010986328125 1.000244140625 
1568576064.978256 0.0546875 0.00732421875 0.99462890625 
1568576064.978256 0.0537109375 0.010986328125 0.99609375 
1568576064.978256 0.052734375 0.01025390625 0.99853515625 
1568576064.978256 0.05224609375 0.00927734375 0.999755859375 
1568576064.978256 0.053466796875 0.011962890625 0.99609375 
1568576064.978256 0.052734375 0.010498046875 0.996826171875 
1568576064.978256 0.054931640625 0.010009765625 0.99755859375 
1568576064.978256 0.05419921875 0.009765625 0.9990234375 
1568576064.978256 0.05126953125 0.00927734375 0.998046875 
1568576064.978256 0.053466796875 0.010009765625 0.998046875 
1568576064.978256 0.05322265625 0.0107421875 0.997802734375 
1568576064.978256 0.054931640625 0.011962890625 0.998046875 
1568576064.978256 0.052001953125 0.009521484375 0.994873046875 
1568576064.978256 0.054931640625 0.01025390625 0.998046875 
1568576064.978256 0.055908203125 0.01171875 0.999755859375 
1568576064.978256 0.052978515625 0.01220703125 0.997802734375 
1568576064.978256 0.05419921875 0.009765625 0.99560546875 
1568576064.978256 0.052978515625 0.01025390625 0.99951171875 
1568576064.978256 0.053955078125 0.011474609375 0.9990234375 
1568576064.978256 0.0537109375 0.00927734375 0.998779296875 
1568576064.978256 0.0546875 0.009033203125 0.99560546875 
1568576064.978256 0.054443359375 0.0107421875 0.99658203125 
1568576064.978256 0.053466796875 0.010986328125 0.997314453125 
1568576064.978256 0.05419921875 0.01025390625 1.000244140625 
1568576064.978256 0.052978515625 0.00927734375 1.001708984375 
1568576064.978256 0.053466796875 0.01025390625 0.99951171875 
1568576064.978256 0.053955078125 0.011474609375 0.998291015625 
1568576064.978256 0.052490234375 0.010009765625 0.99951171875 
1568576064.978256 0.05419921875 0.011474609375 0.994140625 
1568576064.978256 0.053955078125 0.010986328125 0.99658203125 
1568576064.978256 0.05322265625 0.011474609375 0.995849609375 
1568576065.9847274 0.053466796875 0.0087890625 0.995849609375 
1568576065.9847274 0.05517578125 0.0107421875 0.99853515625 
1568576065.9847274 0.052978515625 0.010498046875 0.99609375 
1568576065.9847274 0.05322265625 0.010498046875 0.998291015625 
1568576065.9847274 0.054443359375 0.0107421875 0.99755859375 
1568576065.9847274 0.054443359375 0.0107421875 0.999267578125 
1568576065.9847274 0.054443359375 0.0087890625 0.99755859375 
1568576065.9847274 0.055419921875 -0.011962890625 0.91162109375 
1568576065.9847274 0.1689453125 -0.238037109375 2.721923828125 
1568576065.9847274 0.032470703125 0.01171875 1.38720703125 
1568576065.9847274 0.080322265625 -0.01416015625 0.45068359375 
1568576065.9847274 0.002197265625 0.09375 0.961181640625 
1568576065.9847274 0.041748046875 0.0146484375 1.208740234375 
1568576065.9847274 0.061767578125 0.005859375 0.84033203125 
1568576065.9847274 0.07861328125 0.003662109375 0.998046875 
1568576065.9847274 0.048583984375 0.010986328125 1.08544921875 
1568576065.9847274 0.055419921875 0.02197265625 1.008056640625 
1568576065.9847274 0.04248046875 0.023681640625 1.025634765625 
1568576065.9847274 0.042236328125 0.01806640625 0.951904296875 
1568576065.9847274 0.05712890625 0.002685546875 0.93408203125 
1568576065.9847274 0.068603515625 -0.009033203125 1.018798828125 
1568576065.9847274 0.0654296875 0.0087890625 1.087158203125 
1568576065.9847274 0.042236328125 0.007568359375 0.997802734375 
1568576065.9847274 0.04443359375 0.015869140625 0.9228515625 
1568576065.9847274 0.056396484375 0.0234375 1.0048828125 
1568576065.9847274 0.05712890625 0.0166015625 1.012451171875 
1568576065.9847274 0.06005859375 -0.007080078125 0.98193359375 
1568576065.9847274 0.05517578125 -0.002685546875 1.03564453125 
1568576065.9847274 0.049072265625 0.0048828125 1.017333984375 
1568576065.9847274 0.05029296875 0.01806640625 0.951416015625 
1568576065.9847274 0.0517578125 0.02685546875 0.9892578125 
1568576065.9847274 0.057861328125 0.014892578125 0.991943359375 
1568576065.9847274 0.061279296875 0.0029296875 1.01611328125 
1568576065.9847274 0.05078125 0.000732421875 1.031982421875 
1568576065.9847274 0.046875 0.00048828125 0.97607421875 
1568576065.9847274 0.04931640625 0.0166015625 0.975830078125 
1568576065.9847274 0.05419921875 0.0244140625 0.99853515625 
1568576065.9847274 0.05810546875 0.010498046875 0.99169921875 
1568576065.9847274 0.056640625 0.00439453125 1.021484375 
1568576065.9847274 0.051513671875 0.00634765625 1.0087890625 
1568576065.9847274 0.053466796875 0.009521484375 0.978515625 
1568576065.9847274 0.055419921875 0.0185546875 0.98583984375 
1568576065.9847274 0.055419921875 0.014404296875 0.9921875 
1568576065.9847274 0.054443359375 0.0087890625 1.006103515625 
1568576065.9847274 0.05224609375 0.0078125 1.021484375 
1568576065.9847274 0.0537109375 0.008056640625 0.995361328125 
1568576065.9847274 0.056884765625 0.013427734375 0.98095703125 
1568576065.9847274 0.0556640625 0.0146484375 0.994873046875 
1568576065.9847274 0.05126953125 0.008544921875 1.00341796875 
1568576065.9847274 0.05224609375 0.005615234375 0.99951171875 
1568576065.9847274 0.053955078125 0.009521484375 1.009521484375 
1568576065.9847274 0.053466796875 0.01123046875 0.99609375 
1568576065.9847274 0.056884765625 0.01416015625 0.984619140625 
1568576065.9847274 0.055908203125 0.011962890625 0.9931640625 
1568576065.9847274 0.052490234375 0.006103515625 1.001220703125 
1568576065.9847274 0.052978515625 0.009521484375 1.010986328125 
1568576065.9847274 0.052734375 0.012451171875 1.007568359375 
1568576065.9847274 0.053955078125 0.01513671875 0.986328125 
1568576065.9847274 0.05322265625 0.012939453125 0.99267578125 
1568576065.9847274 0.053955078125 0.010009765625 0.994873046875 
1568576065.9847274 0.05419921875 0.005615234375 1.00244140625 
1568576065.9847274 0.054931640625 0.009521484375 1.00439453125 
1568576065.9847274 0.05322265625 0.01220703125 0.9931640625 
1568576065.9847274 0.05322265625 0.0126953125 0.98876953125 
1568576065.9847274 0.05419921875 0.012939453125 0.996826171875 
1568576065.9847274 0.052734375 0.0068359375 0.99755859375 
1568576065.9847274 0.05419921875 0.005126953125 1.00341796875 
1568576065.9847274 0.056884765625 0.00927734375 1.004150390625 
1568576065.9847274 0.0556640625 0.01123046875 0.99462890625 
1568576065.9847274 0.0546875 0.01416015625 0.98974609375 
1568576065.9847274 0.05078125 0.012451171875 0.991943359375 
1568576065.9847274 0.05419921875 0.007568359375 0.99462890625 
1568576065.9847274 0.05419921875 0.0087890625 1.00244140625 
1568576065.9847274 0.054443359375 0.01220703125 0.997314453125 
1568576065.9847274 0.0556640625 0.0107421875 0.993896484375 
1568576065.9847274 0.0546875 0.010498046875 0.99072265625 
1568576065.9847274 0.05126953125 0.009521484375 0.994140625 
1568576065.9847274 0.055419921875 0.010498046875 1.00146484375 
1568576065.9847274 0.0556640625 0.012939453125 1.00146484375 
1568576065.9847274 0.053466796875 0.0107421875 0.99609375 
1568576065.9847274 0.05322265625 0.010009765625 0.992431640625 
1568576065.9847274 0.05029296875 0.010009765625 0.99609375 
1568576065.9847274 0.0537109375 0.01318359375 0.999755859375 
1568576065.9847274 0.056640625 0.01025390625 1.00537109375 
1568576066.9912505 0.05517578125 0.01171875 1.001708984375 
1568576066.9912505 0.053466796875 0.010986328125 0.994384765625 
1568576066.9912505 0.052978515625 0.009765625 0.993896484375 
1568576066.9912505 0.05419921875 0.00927734375 0.9931640625 
1568576066.9912505 0.052734375 0.010498046875 0.99951171875 
1568576066.9912505 0.05224609375 0.0107421875 1.002685546875 
1568576066.9912505 0.052734375 0.01220703125 0.9970703125 
1568576066.9912505 0.05517578125 0.008544921875 0.990966796875 
1568576066.9912505 0.053955078125 0.01123046875 0.995849609375 
1568576066.9912505 0.05615234375 0.0107421875 0.996826171875 
1568576066.9912505 0.052001953125 0.009521484375 1.000244140625 
1568576066.9912505 0.052734375 0.0087890625 0.9990234375 
1568576066.9912505 0.05224609375 0.008544921875 0.999755859375 
1568576066.9912505 0.05126953125 0.00830078125 0.9951171875 
1568576066.9912505 0.053466796875 0.011962890625 0.99658203125 
1568576066.9912505 0.056884765625 0.01025390625 0.998779296875 
1568576066.9912505 0.05615234375 0.00927734375 0.9990234375 
1568576066.9912505 0.041259765625 -0.06396484375 0.4853515625 
1568576066.9912505 0.03173828125 -0.0712890625 1.597412109375 
1568576066.9912505 0.115966796875 -0.07177734375 1.68212890625 
1568576066.9912505 0.067138671875 -0.017333984375 0.63525390625 
1568576066.9912505 0.030029296875 0.003662109375 0.99609375 
1568576066.9912505 0.033935546875 0.017822265625 0.967041015625 
1568576066.9912505 0.0703125 -0.013427734375 0.93798828125 
1568576066.9912505 0.085205078125 0.00244140625 1.08935546875 
1568576066.9912505 0.046875 0.01025390625 1.017578125 
1568576066.9912505 0.05078125 0.019775390625 0.979248046875 
1568576066.9912505 0.0380859375 0.02734375 1.021728515625 
1568576066.9912505 0.04052734375 0.019287109375 0.95166015625 
1568576066.9912505 0.056640625 -0.00537109375 0.946044921875 
1568576066.9912505 0.062744140625 -0.001953125 1.04638671875 
1568576066.9912505 0.059814453125 0.013427734375 1.06982421875 
1568576066.9912505 0.044677734375 0.007080078125 0.9775390625 
1568576066.9912505 0.050537109375 0.01806640625 0.951171875 
1568576066.9912505 0.056396484375 0.02490234375 1.00244140625 
1568576066.9912505 0.0576171875 0.008056640625 0.993896484375 
1568576066.9912505 0.055908203125 -0.00830078125 0.996337890625 
1568576066.9912505 0.050537109375 0.001708984375 1.04150390625 
1568576066.9912505 0.048095703125 0.0107421875 0.991943359375 
1568576066.9912505 0.052490234375 0.02490234375 0.977783203125 
1568576066.9912505 0.05029296875 0.025634765625 0.987060546875 
1568576066.9912505 0.059326171875 0.009521484375 0.98974609375 
1568576066.9912505 0.060546875 0.002197265625 1.0302734375 
1568576066.9912505 0.051513671875 -0.0029296875 1.0126953125 
1568576066.9912505 0.05517578125 0.00390625 0.97265625 
1568576066.9912505 0.052734375 0.01904296875 0.9853515625 
1568576066.9912505 0.051513671875 0.02001953125 0.999267578125 
1568576066.9912505 0.05322265625 0.009765625 0.99658203125 
1568576066.9912505 0.05419921875 0.001953125 1.007080078125 
1568576066.9912505 0.0556640625 0.0009765625 0.998779296875 
1568576066.9912505 0.0537109375 0.0087890625 0.986572265625 
1568576066.9912505 0.05224609375 0.017822265625 0.980712890625 
1568576066.9912505 0.058837890625 0.015380859375 0.994873046875 
1568576066.9912505 0.054443359375 0.009765625 1.00830078125 
1568576066.9912505 0.05078125 0.00634765625 1.00732421875 
1568576066.9912505 0.05419921875 0.0068359375 0.993408203125 
1568576066.9912505 0.05419921875 0.01025390625 0.9892578125 
1568576066.9912505 0.052001953125 0.014404296875 0.99072265625 
1568576066.9912505 0.04931640625 0.011962890625 0.99755859375 
1568576066.9912505 0.052978515625 0.01123046875 1.005859375 
1568576066.9912505 0.058837890625 0.00927734375 1.004638671875 
1568576066.9912505 0.05810546875 0.0087890625 0.989990234375 
1568576066.9912505 0.056884765625 0.010009765625 0.989990234375 
1568576066.9912505 0.053466796875 0.01025390625 0.995849609375 
1568576066.9912505 0.04931640625 0.010009765625 1.005126953125 
1568576066.9912505 0.04931640625 0.010498046875 1.005859375 
1568576066.9912505 0.0537109375 0.01220703125 1.003662109375 
1568576066.9912505 0.054931640625 0.012939453125 0.994873046875 
1568576066.9912505 0.056396484375 0.00927734375 0.992919921875 
1568576066.9912505 0.055419921875 0.00732421875 0.99267578125 
1568576066.9912505 0.055419921875 0.007080078125 1.004150390625 
1568576066.9912505 0.05224609375 0.009521484375 1.006103515625 
1568576066.9912505 0.052490234375 0.0126953125 0.99560546875 
1568576066.9912505 0.052001953125 0.01416015625 0.990966796875 
1568576066.9912505 0.052734375 0.0107421875 0.989501953125 
1568576066.9912505 0.052001953125 0.00537109375 1.003173828125 
1568576066.9912505 0.056396484375 0.005615234375 1.001220703125 
1568576066.9912505 0.0556640625 0.00927734375 1.001953125 
1568576066.9912505 0.055908203125 0.013671875 0.996826171875 
1568576066.9912505 0.05419921875 0.012939453125 0.990234375 
1568576066.9912505 0.051025390625 0.00927734375 0.99755859375 
1568576066.9912505 0.05224609375 0.006103515625 0.99951171875 
1568576066.9912505 0.05419921875 0.00927734375 1.003173828125 
1568576066.9912505 0.05224609375 0.010498046875 0.99951171875 
1568576067.9978442 0.052978515625 0.0126953125 0.99560546875 
1568576067.9978442 0.052978515625 0.013671875 0.9892578125 
1568576067.9978442 0.054931640625 0.010009765625 0.9970703125 
1568576067.9978442 0.056396484375 0.010009765625 1.000244140625 
1568576067.9978442 0.053955078125 0.008544921875 1.0 
1568576067.9978442 0.05322265625 0.009765625 0.99560546875 
1568576067.9978442 0.05126953125 0.009521484375 0.994140625 
1568576067.9978442 0.05322265625 0.00927734375 0.995849609375 
1568576067.9978442 0.052490234375 0.0107421875 1.003173828125 
1568576067.9978442 0.05419921875 0.01220703125 1.003173828125 
1568576067.9978442 0.054443359375 0.01123046875 0.997802734375 
1568576067.9978442 0.056884765625 0.010009765625 0.995849609375 
1568576067.9978442 0.05322265625 0.010498046875 0.9970703125 
1568576067.9978442 0.052978515625 0.01123046875 1.0 
1568576067.9978442 0.0517578125 0.01416015625 1.00341796875 
1568576067.9978442 0.052734375 0.0107421875 0.999267578125 
1568576067.9978442 0.052734375 0.008056640625 0.996826171875 
1568576067.9978442 0.053955078125 0.008056640625 0.99267578125 
1568576067.9978442 0.054931640625 0.0107421875 0.997314453125 
1568576067.9978442 0.05517578125 0.01123046875 1.001708984375 
1568576067.9978442 0.055419921875 0.01025390625 0.999267578125 
1568576067.9978442 0.052734375 0.011962890625 0.997314453125 
1568576067.9978442 0.0517578125 0.009765625 0.9970703125 
1568576067.9978442 0.053466796875 0.0087890625 0.9931640625 
1568576067.9978442 0.052734375 0.01220703125 1.001953125 
1568576067.9978442 0.054931640625 0.0107421875 0.998291015625 
1568576067.9978442 0.05712890625 0.011962890625 0.99853515625 
1568576067.9978442 0.054443359375 0.011474609375 0.991943359375 
1568576067.9978442 0.055908203125 0.009521484375 0.995361328125 
1568576067.9978442 0.054443359375 0.010986328125 0.995849609375 
1568576067.9978442 0.053955078125 0.010009765625 1.0 
1568576067.9978442 0.05322265625 0.010498046875 0.99609375 
1568576067.9978442 0.054931640625 0.008544921875 0.997314453125 
1568576067.9978442 0.053955078125 0.011474609375 0.9931640625 
1568576067.9978442 0.0537109375 0.010986328125 0.995849609375 
1568576067.9978442 0.05517578125 0.010498046875 0.99755859375 
1568576067.9978442 0.055419921875 0.01123046875 0.9990234375 
1568576067.9978442 0.0537109375 0.011474609375 0.996337890625 
1568576067.9978442 0.053955078125 0.009765625 0.995361328125 
1568576067.9978442 0.05224609375 0.0107421875 0.9951171875 
1568576067.9978442 0.052734375 0.010498046875 0.99951171875 
1568576067.9978442 0.054443359375 0.0107421875 0.99755859375 
1568576067.9978442 0.052978515625 0.0087890625 1.001953125 
1568576067.9978442 0.05517578125 0.0107421875 0.994873046875 
1568576067.9978442 0.053955078125 0.009765625 0.9970703125 
1568576067.9978442 0.055419921875 0.0107421875 0.995849609375 
1568576067.9978442 0.0537109375 0.010009765625 0.997314453125 
1568576067.9978442 0.052978515625 0.0107421875 0.99853515625 
1568576067.9978442 0.052490234375 0.011474609375 0.997314453125 
1568576067.9978442 0.054931640625 0.010986328125 0.9951171875 
1568576067.9978442 0.0546875 0.00830078125 0.99560546875 
1568576067.9978442 0.053955078125 0.012451171875 0.999267578125 
1568576067.9978442 0.054443359375 0.012939453125 0.999755859375 
1568576067.9978442 0.0537109375 0.0107421875 0.996337890625 
1568576067.9978442 0.05419921875 0.0107421875 0.99951171875 
1568576067.9978442 0.054443359375 0.0107421875 1.0 
1568576067.9978442 0.052734375 0.0087890625 0.998291015625 
1568576067.9978442 0.05224609375 0.010009765625 0.99853515625 
1568576067.9978442 0.052734375 0.010986328125 0.998046875 
1568576067.9978442 0.053955078125 0.011962890625 0.99755859375 
1568576067.9978442 0.052490234375 0.009765625 0.99462890625 
1568576067.9978442 0.053955078125 0.00927734375 0.995849609375 
1568576067.9978442 0.052978515625 0.01025390625 0.998779296875 
1568576067.9978442 0.054443359375 0.01025390625 0.99609375 
1568576067.9978442 0.053466796875 0.009765625 0.997314453125 
1568576067.9978442 0.0517578125 0.009765625 0.99951171875 
1568576067.9978442 0.051513671875 0.011474609375 1.0 
1568576067.9978442 0.054443359375 0.01025390625 0.998046875 
1568576067.9978442 0.05322265625 0.009033203125 1.002197265625 
1568576067.9978442 0.052734375 0.009521484375 0.99658203125 
1568576067.9978442 0.0517578125 0.0107421875 0.994140625 
1568576067.9978442 0.052734375 0.009765625 0.996826171875 
1568576067.9978442 0.053955078125 0.010986328125 1.00048828125 
1568576067.9978442 0.0537109375 0.0107421875 0.998291015625 
1568576067.9978442 0.052978515625 0.00927734375 1.0 
1568576067.9978442 0.052734375 0.011962890625 0.99462890625 
1568576067.9978442 0.05419921875 0.01220703125 0.997802734375 
1568576067.9978442 0.05419921875 0.0107421875 0.99755859375 
1568576067.9978442 0.052978515625 0.009033203125 0.99658203125 
1568576067.9978442 0.054931640625 0.009765625 0.9990234375 
1568576067.9978442 0.05419921875 0.009765625 0.999755859375 
1568576067.9978442 0.05419921875 0.011474609375 0.996826171875 
1568576067.9978442 0.053466796875 0.011474609375 0.997314453125 
1568576067.9978442 0.0537109375 0.01171875 0.99951171875 
1568576069.004472 0.054443359375 0.01025390625 0.998291015625 
1568576069.004472 0.05224609375 0.009521484375 0.998291015625 
1568576069.004472 0.054931640625 0.01025390625 0.99365234375 
