time_[s] a_x a_y a_z alpha
0.001 0.005859375 0.023681640625 1.002197265625 0.005846462009849602
0.013 0.00390625 0.02783203125 1.007568359375 0.003876888742064287
0.025 0.00439453125 0.025146484375 1.0029296875 0.004381666213695158
0.037 0.006591796875 0.024658203125 1.000732421875 0.006586877169141978
0.049 0.00537109375 0.02734375 1.0048828125 0.00534494424144527
0.061 0.003662109375 0.025634765625 1.001220703125 0.003657628165989109
0.073 0.001953125 0.027099609375 1.00048828125 0.0019521693112308522
0.085 0.005126953125 0.024169921875 1.002197265625 0.005115667919433023
0.097 0.003662109375 0.026611328125 1.003662109375 0.0036487310712110844
0.109 0.00390625 0.02685546875 1.007080078125 0.003878768426848195
0.121 0.00439453125 0.026123046875 1.00146484375 0.004388075199568004
0.133 0.00537109375 0.025390625 1.00244140625 0.005357961392132255
0.145 0.004150390625 0.027099609375 1.002685546875 0.004139250769573852
0.157 0.00439453125 0.028076171875 1.00244140625 0.004383800461182019
0.169 0.006103515625 0.02734375 1.00146484375 0.006094512548400827
0.181 0.006103515625 0.02587890625 1.006103515625 0.006066414297757984
0.193 0.005615234375 0.026123046875 1.008544921875 0.005567601633196472
0.205 0.00537109375 0.027099609375 1.0087890625 0.005324247850216816
0.217 0.001708984375 0.025146484375 1.00146484375 0.0017064829851622617
0.228 0.004150390625 0.025634765625 1.002197265625 0.0041412674338640165
0.241 0.006591796875 0.025634765625 1.003662109375 0.006567650642804421
0.253 0.005126953125 0.024658203125 1.011962890625 0.005066301647239055
0.265 0.004638671875 0.0263671875 1.0048828125 0.004616099379683243
0.276 0.0029296875 0.025390625 1.000732421875 0.002927534939774852
0.289 0.0048828125 0.026123046875 1.004150390625 0.004862592357822011
0.301 0.00390625 0.02490234375 1.00537109375 0.0038853617017312663
0.313 0.004638671875 0.026611328125 1.00341796875 0.004622838114956123
0.324 0.00390625 0.025634765625 1.00146484375 0.0039005165427664795
0.337 0.005859375 0.0263671875 1.001953125 0.0058478865538886685
0.348 0.004638671875 0.025634765625 1.007568359375 0.004603795920816594
0.361 0.00537109375 0.0263671875 1.003173828125 0.005354049594399245
0.372 0.00341796875 0.024169921875 1.00048828125 0.003416287343875374
0.385 0.00537109375 0.026611328125 1.001708984375 0.005361878910097319
0.396 0.005126953125 0.027099609375 1.00634765625 0.005094570188541434
0.409 0.005615234375 0.02490234375 1.002685546875 0.005600136245710135
0.42 0.00537109375 0.02685546875 1.0048828125 0.00534494424144527
0.433 0.00634765625 0.025390625 1.000244140625 0.006346021717143139
0.444 0.0048828125 0.027099609375 1.0029296875 0.004868510706858234
0.457 0.003662109375 0.026611328125 1.00244140625 0.0036531742015421084
0.468 0.004150390625 0.02587890625 1.000244140625 0.004149353779866456
0.481 0.00537109375 0.026123046875 1.00390625 0.005350143504378803
0.492 0.00634765625 0.025634765625 1.006103515625 0.0063090645543613525
0.505 0.0048828125 0.028076171875 1.007568359375 0.004846097270502344
0.516 0.003662109375 0.024658203125 1.0048828125 0.003644298735513809
0.529 0.003662109375 0.026123046875 1.003173828125 0.003650507025780744
0.54 0.00537109375 0.027587890625 1.004150390625 0.00534884274059396
0.553 0.00390625 0.025390625 1.001708984375 0.0038995659025043215
0.564 0.0048828125 0.02685546875 1.00439453125 0.004861410414278964
0.576 0.005126953125 0.026611328125 1.003173828125 0.005110688042286633
0.588 0.004150390625 0.026611328125 1.00732421875 0.004120189966736325
0.6 0.00439453125 0.02685546875 1.0029296875 0.004381666213695158
0.612 0.005126953125 0.026611328125 1.003173828125 0.005110688042286633
0.624 0.004638671875 0.026123046875 1.005126953125 0.004614978166705475
0.636 0.00341796875 0.027587890625 1.003173828125 0.003407141841425881
0.648 0.0048828125 0.02734375 1.004638671875 0.0048602290451785
0.66 0.00537109375 0.028564453125 1.005126953125 0.005343646004262531
0.672 0.004638671875 0.024658203125 1.004150390625 0.004619466289773559
0.684 0.006591796875 0.025146484375 1.00390625 0.006566053497411959
0.696 0.005859375 0.025390625 1.00390625 0.005836509601319674
0.708 0.005126953125 0.025390625 1.004150390625 0.005105717851008862
0.72 0.005615234375 0.02685546875 1.00439453125 0.005590607773125171
0.732 0.007080078125 0.028076171875 1.00341796875 0.007055843976651717
0.744 0.005615234375 0.024658203125 1.002685546875 0.005600136245710135
0.756 0.005615234375 0.027099609375 1.00439453125 0.005590607773125171
0.768 0.006591796875 0.02685546875 1.00341796875 0.006569248565363056
0.78 0.005126953125 0.02490234375 1.00537109375 0.005099518689666912
0.792 0.005126953125 0.026611328125 1.004638671875 0.005103236378744283
0.804 0.00341796875 0.026611328125 1.003662109375 0.003405484280981905
0.816 0.004150390625 0.02587890625 1.005859375 0.0041261901753317405
0.828 0.0048828125 0.027099609375 1.0068359375 0.0048496225042429526
0.84 0.005859375 0.025146484375 1.006591796875 0.005820938378073946
0.852 0.002197265625 0.025634765625 1.005615234375 0.002184992881139541
0.864 0.005126953125 0.0263671875 1.000732421875 0.0051231559581824135
0.876 0.00341796875 0.02685546875 1.00390625 0.003404656105407737
0.888 0.0068359375 0.026123046875 1.003173828125 0.006814204580288927
0.9 0.004638671875 0.025634765625 1.005126953125 0.004614978166705475
0.912 0.006103515625 0.025634765625 1.003173828125 0.00608413033030497
0.924 0.007080078125 0.02685546875 1.004150390625 0.007050697652762604
0.936 0.006103515625 0.028076171875 1.00634765625 0.0060649426176226
0.947 0.0048828125 0.024658203125 1.005859375 0.004854330801675483
0.96 0.005126953125 0.025146484375 1.00537109375 0.005099518689666912
0.972 0.005615234375 0.024658203125 1.00341796875 0.005596048640389897
0.984 0.005859375 0.02587890625 1.004638671875 0.005832254648318019
0.996 0.004638671875 0.028076171875 1.005859375 0.004611617793371548
1.008 0.004150390625 0.0244140625 1.0009765625 0.00414631770215502
1.02 0.005859375 0.026123046875 1.0078125 0.005813887981841795
1.032 0.00439453125 0.025634765625 1.003173828125 0.004380599869048777
1.043 0.0048828125 0.02685546875 1.002685546875 0.004869696105871839
1.056 0.00537109375 0.02734375 1.00341796875 0.0053527469308193385
1.067 0.004150390625 0.0244140625 1.0068359375 0.0041221880963694495
1.08 0.00439453125 0.02734375 1.0068359375 0.004364666755082331
1.091 0.006103515625 0.02490234375 1.005126953125 0.006072308167320217
1.104 0.00390625 0.024658203125 1.005126953125 0.0038863054283732944
1.115 0.00634765625 0.025634765625 1.005859375 0.006310595840059449
1.128 0.004638671875 0.026123046875 1.005126953125 0.004614978166705475
1.139 0.004638671875 0.025634765625 1.005126953125 0.004614978166705475
1.152 0.004638671875 0.027099609375 1.005126953125 0.004614978166705475
1.163 0.00439453125 0.026611328125 1.004150390625 0.004376339675604069
1.176 0.0048828125 0.024658203125 1.00439453125 0.004861410414278964
1.187 0.0029296875 0.0263671875 1.001220703125 0.0029261072303258615
1.2 0.003662109375 0.025390625 1.00537109375 0.0036425288149248376
1.211 0.0048828125 0.02978515625 1.002685546875 0.004869696105871839
1.223 0.005615234375 0.02490234375 1.00341796875 0.005596048640389897
1.235 0.0048828125 0.027587890625 1.00341796875 0.004866141639299539
1.248 0.00390625 0.027587890625 1.00390625 0.0038910309466444757
1.259 0.005615234375 0.027099609375 1.008544921875 0.005567601633196472
1.271 0.003173828125 0.026123046875 1.0 0.003173817468211823
1.283 0.003173828125 0.02685546875 1.0029296875 0.0031645463983538047
1.295 0.00244140625 0.02783203125 1.001708984375 0.0024372362173021925
1.307 0.00634765625 0.027099609375 1.003662109375 0.006324410933650515
1.319 0.005859375 0.02685546875 0.999755859375 0.005860738757826733
1.331 0.005615234375 0.026611328125 1.00341796875 0.005596048640389897
1.343 0.00439453125 0.024169921875 1.00341796875 0.004379534043294946
1.355 0.00341796875 0.025634765625 1.007080078125 0.0033939263626319187
1.367 0.005615234375 0.0263671875 1.002197265625 0.005602864635028033
1.379 0.006103515625 0.0244140625 1.003662109375 0.006081170476109765
1.391 0.005126953125 0.025146484375 1.004638671875 0.005103236378744283
1.403 0.004150390625 0.0263671875 1.003662109375 0.00413522332753143
1.415 0.004638671875 0.025390625 1.00048828125 0.004636374782492545
1.427 0.003662109375 0.025390625 1.0048828125 0.003644298735513809
1.439 0.00244140625 0.024658203125 1.003173828125 0.002433677356382077
1.451 0.005859375 0.027587890625 1.001220703125 0.0058521643542436995
1.463 0.0048828125 0.025634765625 1.004638671875 0.0048602290451785
1.475 0.00390625 0.0263671875 1.003173828125 0.0038938717777201298
1.487 0.0048828125 0.0263671875 1.001708984375 0.0048744434799953265
1.499 0.0048828125 0.026611328125 1.004150390625 0.004862592357822011
1.511 0.00439453125 0.02783203125 1.005126953125 0.0043720877602491
1.523 0.003173828125 0.026611328125 1.004150390625 0.0031606994188866917
1.535 0.00439453125 0.027099609375 1.001220703125 0.004389145187095516
1.547 0.004638671875 0.024169921875 1.007080078125 0.004606028032730453
1.559 0.004150390625 0.026123046875 1.00146484375 0.004144296117457372
1.571 0.004150390625 0.02783203125 1.00146484375 0.004144296117457372
1.583 0.00341796875 0.026611328125 1.004150390625 0.003403828332540098
1.595 0.005126953125 0.02587890625 1.008056640625 0.005085933381607949
1.607 0.006103515625 0.02734375 1.006103515625 0.006066414297757984
1.619 0.006103515625 0.02734375 1.003173828125 0.00608413033030497
1.631 0.006103515625 0.0263671875 1.005126953125 0.006072308167320217
1.643 0.004638671875 0.027099609375 1.005615234375 0.004612737373946023
1.655 0.00439453125 0.028076171875 1.006103515625 0.004367844098879393
1.667 0.004150390625 0.02734375 1.00634765625 0.004124188164960034
1.679 0.002685546875 0.023681640625 1.001708984375 0.002680958724268878
1.691 0.00390625 0.02734375 1.004150390625 0.0038900849238661392
1.703 0.00439453125 0.027099609375 1.00244140625 0.004383800461182019
1.715 0.005126953125 0.027587890625 1.002685546875 0.005113176768357527
1.727 0.00390625 0.02587890625 1.005859375 0.003883475622785662
1.738 0.00390625 0.02392578125 1.009765625 0.0038684526564269697
1.751 0.005126953125 0.026123046875 1.007080078125 0.0050908651106263084
1.762 0.00390625 0.025390625 1.001708984375 0.0038995659025043215
1.775 0.005859375 0.025390625 1.005126953125 0.005829421457893573
1.786 0.005615234375 0.025146484375 1.004638671875 0.005589249209011666
1.799 0.0048828125 0.02490234375 1.003173828125 0.004867325884807843
1.81 0.006103515625 0.024658203125 1.005615234375 0.00606935980169364
1.823 0.0078125 0.0263671875 1.0029296875 0.007789521124609423
1.834 0.003173828125 0.025390625 1.004638671875 0.003159163244702502
1.847 0.005126953125 0.025390625 1.00732421875 0.005089631281934258
1.858 0.004638671875 0.02734375 1.003173828125 0.004623963150787034
1.871 0.0048828125 0.025634765625 1.003173828125 0.004867325884807843
1.882 0.00439453125 0.0244140625 1.00537109375 0.0043710260720350785
1.895 0.004150390625 0.0263671875 1.000732421875 0.004147329234275716
1.906 0.006103515625 0.02490234375 1.00537109375 0.0060708336265349805
1.919 0.00439453125 0.024169921875 1.00341796875 0.004379534043294946
1.93 0.00341796875 0.025634765625 1.0048828125 0.00340134742724122
1.942 0.00439453125 0.026123046875 1.004150390625 0.004376339675604069
1.954 0.0048828125 0.025634765625 1.00537109375 0.0048566883803478796
1.966 0.00439453125 0.0234375 1.00537109375 0.0043710260720350785
1.978 0.005126953125 0.027587890625 1.005859375 0.005097043238042871
1.99 0.00439453125 0.026611328125 1.00244140625 0.004383800461182019
2.002 0.005126953125 0.0244140625 1.004638671875 0.005103236378744283
2.014 0.005615234375 0.024658203125 1.004638671875 0.005589249209011666
2.026 0.005615234375 0.0244140625 1.006591796875 0.005578404419986263
2.038 0.005615234375 0.026123046875 1.00341796875 0.005596048640389897
2.05 0.005615234375 0.026123046875 1.0048828125 0.005587891305015597
2.062 0.00341796875 0.02685546875 1.004638671875 0.0034021739937500676
2.074 0.003173828125 0.02685546875 1.00390625 0.003161468066348012
2.086 0.005126953125 0.025634765625 1.00439453125 0.0051044768132956775
2.098 0.00341796875 0.02490234375 1.006103515625 0.0033972206118551554
2.11 0.00439453125 0.02587890625 1.00537109375 0.0043710260720350785
2.122 -0.1962890625 -0.01123046875 0.450927734375 -0.41056280299491427
2.134 -0.0771484375 0.004638671875 1.321044921875 -0.05833330126269101
2.146 -0.000244140625 -0.012939453125 1.3115234375 -0.00018615040738074123
2.158 -0.0546875 0.010986328125 0.616455078125 -0.08848124141025782
2.17 0.1396484375 0.013916015625 1.075927734375 0.12907194069516714
2.182 -0.017333984375 0.0361328125 0.938232421875 -0.018473048005037934
2.194 0.060546875 0.03955078125 0.8154296875 0.0741154900801242
2.206 -0.040771484375 0.009521484375 1.190185546875 -0.034243019698870766
2.218 0.002685546875 0.0302734375 1.03955078125 0.0025833667283816464
2.23 0.007568359375 0.0361328125 0.88525390625 0.008549157405598211
2.242 0.02685546875 0.0166015625 1.08203125 0.02481440013759152
2.254 -0.007568359375 0.021240234375 0.9755859375 -0.007757602135501958
2.266 -0.01904296875 0.031494140625 0.9560546875 -0.0199156504764617
2.278 0.017333984375 0.027587890625 1.08642578125 0.015953702526519706
2.29 -0.003173828125 0.02490234375 0.99755859375 -0.0031815849573857287
2.302 0.001220703125 0.0302734375 0.957275390625 0.0012751842106201873
2.314 0.01318359375 0.02392578125 1.016845703125 0.012964459682168597
2.326 0.00634765625 0.019775390625 0.99560546875 0.006375587963541536
2.338 0.000244140625 0.029541015625 1.002197265625 0.00024360535449910117
2.35 0.0068359375 0.026123046875 1.03271484375 0.006619288666422999
2.361 -0.000244140625 0.026611328125 0.968017578125 -0.0002522068042363789
2.374 0.003173828125 0.025634765625 0.997802734375 0.0031808064980035538
2.385 0.00927734375 0.024658203125 1.046142578125 0.00886791222632264
2.398 0.002685546875 0.025146484375 0.9775390625 0.0027472458357477294
2.409 0.009765625 0.02587890625 1.006103515625 0.009706077138153869
2.422 0.00830078125 0.02587890625 1.02197265625 0.008122133862250948
2.433 -0.000732421875 0.028076171875 0.978759765625 -0.0007483161486712199
2.446 0.00439453125 0.023681640625 1.023681640625 0.004292842697084099
2.457 0.006103515625 0.026123046875 1.00048828125 0.006100461168621271
2.47 0.004638671875 0.0283203125 0.987548828125 0.004697122439485653
2.481 0.0078125 0.0244140625 1.0224609375 0.007640730007049315
2.494 0.00390625 0.024658203125 0.99365234375 0.003931183679972419
2.505 0.003173828125 0.025390625 1.001708984375 0.003168402753743158
2.518 0.0068359375 0.024169921875 1.015625 0.006730667591614959
2.529 0.00146484375 0.026611328125 0.990478515625 0.0014789242360279938
2.542 0.00634765625 0.0263671875 1.012451171875 0.006269510330485296
2.553 0.00439453125 0.028076171875 1.009521484375 0.004353055938399119
2.566 0.00439453125 0.026123046875 0.99365234375 0.004422575588402448
2.577 0.00634765625 0.023193359375 1.014892578125 0.006254428909665784
2.59 0.005126953125 0.024658203125 1.000244140625 0.0051256568448062615
2.601 0.004638671875 0.02783203125 1.00048828125 0.004636374782492545
2.614 0.004150390625 0.02734375 1.008056640625 0.004117196401668586
2.625 0.00439453125 0.02587890625 0.998046875 0.004403102660462677
2.637 0.00830078125 0.02490234375 1.00830078125 0.008232259548529644
2.649 0.00537109375 0.0234375 1.00927734375 0.005321672065357613
2.662 0.00341796875 0.029052734375 0.99560546875 0.003433041932237505
2.673 0.00439453125 0.026123046875 1.009033203125 0.004355162399036768
2.686 0.002685546875 0.025634765625 1.004638671875 0.002673140655931302
2.697 0.0048828125 0.02490234375 1.00244140625 0.004870882082270197
2.709 0.005126953125 0.02685546875 1.009033203125 0.00508101119839472
2.721 0.004638671875 0.02734375 0.999267578125 0.004642038486644427
2.734 0.005859375 0.027099609375 1.001708984375 0.005849311792295421
2.745 0.00390625 0.025146484375 1.00927734375 0.003870324167812775
2.757 0.00390625 0.025634765625 0.9970703125 0.003917707674242082
2.769 0.00439453125 0.024169921875 1.005615234375 0.004369964899318961
2.781 0.004150390625 0.026123046875 1.00537109375 0.004128194130313715
2.793 0.004638671875 0.025634765625 1.000732421875 0.004635243699700441
2.805 0.005859375 0.025634765625 1.007080078125 0.0058181161686261485
2.817 0.003662109375 0.02734375 1.0048828125 0.003644298735513809
2.829 0.003662109375 0.026611328125 1.00146484375 0.003656736504468816
2.841 0.0048828125 0.0263671875 1.007080078125 0.0048484468566080624
2.853 0.00390625 0.0263671875 1.001953125 0.0038986157255101023
2.865 0.0029296875 0.027587890625 1.002197265625 0.002923255984964266
2.877 0.00537109375 0.027587890625 1.005126953125 0.005343646004262531
2.889 0.0048828125 0.026611328125 1.001953125 0.0048732557689093745
2.901 0.00537109375 0.02490234375 1.00830078125 0.005326826129712152
2.913 0.0068359375 0.025146484375 1.00244140625 0.0068191831434257786
2.925 0.004638671875 0.025634765625 1.0048828125 0.004616099379683243
2.937 0.006103515625 0.02734375 1.00537109375 0.0060708336265349805
2.949 0.007080078125 0.02685546875 1.000244140625 0.007078231800142376
2.961 0.00537109375 0.0263671875 1.00634765625 0.0053371642666761214
2.973 0.005859375 0.02685546875 1.00439453125 0.005833672276500845
2.985 0.004638671875 0.025390625 1.0029296875 0.004625088734335457
2.997 0.005615234375 0.02490234375 1.007080078125 0.005575699795124793
3.009 0.00634765625 0.025634765625 1.0048828125 0.006316728423204816
3.021 0.003662109375 0.025390625 1.0009765625 0.0036585202624604216
3.033 0.00537109375 0.027099609375 1.009521484375 0.0053203851072854205
3.045 0.00390625 0.02783203125 1.004150390625 0.0038900849238661392
3.057 0.005859375 0.02783203125 1.004150390625 0.005835090594000435
3.069 0.005859375 0.02734375 1.003662109375 0.005837929298961934
3.08 0.00537109375 0.02685546875 1.00439453125 0.005347542609150672
3.093 0.00146484375 0.025146484375 1.003662109375 0.0014594978690662455
3.105 0.00537109375 0.02685546875 1.005859375 0.005339755073879784
3.117 0.005126953125 0.027587890625 1.002685546875 0.005113176768357527
3.129 0.007568359375 0.026611328125 1.0078125 0.007509548756494608
3.141 0.006103515625 0.02734375 1.0009765625 0.006097485407682011
3.152 0.0029296875 0.025390625 1.00244140625 0.002922544041628311
3.165 0.0048828125 0.02734375 1.00439453125 0.004861410414278964
3.176 0.005126953125 0.02685546875 1.005859375 0.005097043238042871
3.189 0.005859375 0.025390625 1.00390625 0.005836509601319674
3.2 0.005615234375 0.026611328125 1.004638671875 0.005589249209011666
3.213 0.00439453125 0.027587890625 1.0 0.004394502961404579
3.224 0.004638671875 0.026123046875 1.007080078125 0.004606028032730453
3.237 0.005859375 0.02685546875 1.00146484375 0.005850737725577666
3.248 0.00537109375 0.02734375 1.0048828125 0.00534494424144527
3.261 0.004638671875 0.02587890625 1.00439453125 0.004618343440819733
3.272 -0.17236328125 -0.00341796875 0.500732421875 -0.3315184315115751
3.285 -0.0 0.010986328125 1.40380859375 -0.0
3.296 0.000244140625 0.02197265625 1.232177734375 0.000198137504837298
3.309 -0.0302734375 0.0224609375 0.61669921875 -0.04905009488966569
3.32 0.164794921875 0.029296875 1.11328125 0.14695913745859057
3.333 -0.004638671875 0.01513671875 1.0146484375 -0.004571671711259562
3.344 0.0263671875 0.031494140625 0.794921875 0.03315737662172063
3.356 -0.00537109375 0.019775390625 1.192626953125 -0.004503551947856257
3.368 0.009033203125 0.025390625 1.090087890625 0.008286484460832771
3.381 0.017822265625 0.033447265625 0.835205078125 0.021335551882491626
3.392 0.031494140625 0.018798828125 1.0703125 0.02941669437754723
3.405 0.002197265625 0.020263671875 1.020263671875 0.0021536219396346783
3.416 -0.007080078125 0.031494140625 0.93408203125 -0.007579572568908305
3.428 0.014892578125 0.028076171875 1.07958984375 0.013793788140261462
3.44 0.004638671875 0.022216796875 1.016845703125 0.004561793086057177
3.452 -0.00390625 0.02978515625 0.93603515625 -0.00417316304599544
3.464 0.011474609375 0.02392578125 1.0341796875 0.011094917719873889
3.476 0.005615234375 0.024658203125 1.01904296875 0.005510246099178145
3.488 0.000732421875 0.029052734375 0.972412109375 0.0007532009622616844
3.5 0.0068359375 0.028564453125 1.031982421875 0.0066239863918402435
3.512 0.0048828125 0.0224609375 0.992431640625 0.00492000950138162
3.524 0.00048828125 0.024169921875 0.991943359375 0.000492247068289904
3.536 0.01025390625 0.02685546875 1.037109375 0.009886683507516857
3.548 0.00048828125 0.029296875 0.973388671875 0.0005016302563944623
3.56 0.005859375 0.02783203125 0.998779296875 0.00586646899919339
3.572 0.0068359375 0.025390625 1.027587890625 0.006652313368551208
3.584 -0.0009765625 0.027587890625 0.986083984375 -0.0009903438208200223
3.596 0.003173828125 0.02392578125 1.013671875 0.003131010963225051
3.608 0.004638671875 0.025390625 1.00830078125 0.0046004518063319615
3.62 0.004150390625 0.025146484375 0.98876953125 0.004197506211988097
3.632 0.006591796875 0.02685546875 1.02734375 0.006416261759327095
3.644 0.005859375 0.0263671875 0.995361328125 0.005886613387692464
3.656 0.005615234375 0.026611328125 0.996337890625 0.0056358138906554165
3.668 0.00634765625 0.023193359375 1.017822265625 0.006236426703358867
3.68 0.00244140625 0.028076171875 0.9931640625 0.002458205471340074
3.692 0.00390625 0.029052734375 1.006591796875 0.0038806499352134673
3.704 0.004638671875 0.0283203125 1.00732421875 0.004604911706285813
3.716 0.003662109375 0.025146484375 0.9951171875 0.0036800618954026237
3.728 0.00537109375 0.022705078125 1.0166015625 0.005283332204584948
3.74 0.006591796875 0.0283203125 1.003173828125 0.006570847265655244
3.752 0.00439453125 0.026611328125 0.99462890625 0.00441823340086629
3.764 0.00244140625 0.0283203125 1.01416015625 0.0024073135972067132
3.776 0.005615234375 0.026611328125 1.002197265625 0.005602864635028033
3.788 0.003662109375 0.02685546875 1.00439453125 0.0036460703769555475
3.799 0.00537109375 0.027587890625 1.007568359375 0.005330698234331237
3.812 0.0048828125 0.02685546875 1.00146484375 0.004875631770156296
3.823 0.005126953125 0.026611328125 1.005615234375 0.005098280663370881
3.836 0.002685546875 0.0244140625 1.008056640625 0.002664077010542792
3.848 0.003173828125 0.027099609375 0.999755859375 0.0031745925100059515
3.86 0.00830078125 0.02783203125 1.0029296875 0.008276344617124091
3.871 0.006103515625 0.0263671875 1.006103515625 0.006066414297757984
3.884 0.003173828125 0.026123046875 1.004150390625 0.0031606994188866917
3.895 0.0068359375 0.025390625 1.008544921875 0.0067779160551901035
3.908 0.00390625 0.02587890625 1.000732421875 0.003903371246551107
3.919 0.00341796875 0.02783203125 1.00390625 0.003404656105407737
3.932 0.0048828125 0.026123046875 1.010009765625 0.004834383415841712
3.943 0.002685546875 0.027099609375 1.003662109375 0.00267574160743029
3.956 0.006103515625 0.027587890625 1.007568359375 0.006057594914494156
3.967 0.006591796875 0.02783203125 1.004150390625 0.006564457128618842
3.98 0.006591796875 0.026611328125 1.0009765625 0.006585270660186495
3.991 0.003662109375 0.02490234375 1.003662109375 0.0036487310712110844
4.004 0.0048828125 0.025390625 1.00390625 0.004863774876226727
4.015 0.00439453125 0.02587890625 1.005615234375 0.004369964899318961
4.028 0.00732421875 0.0283203125 1.004150390625 0.007293816678943768
4.039 0.004638671875 0.027587890625 1.004638671875 0.004617221137588876
4.051 0.005615234375 0.0263671875 1.0107421875 0.005555498400692622
4.063 0.005126953125 0.025634765625 1.008056640625 0.005085933381607949
4.075 0.0029296875 0.02783203125 1.0048828125 0.0029154436347751177
4.087 0.00439453125 0.027587890625 1.006103515625 0.004367844098879393
4.099 0.002685546875 0.02587890625 1.000732421875 0.0026835749193009793
4.111 0.005126953125 0.027587890625 1.002197265625 0.005115667919433023
4.124 0.0068359375 0.02587890625 1.007568359375 0.006784485193227013
4.135 0.003173828125 0.0263671875 1.00537109375 0.003156861781190056
4.147 0.005126953125 0.026611328125 1.001708984375 0.005118161499059189
4.159 0.00390625 0.028076171875 1.005615234375 0.0038844184333132726
4.171 0.00390625 0.026123046875 1.001220703125 0.0039014676466354627
4.183 0.00341796875 0.026611328125 1.0068359375 0.0033947493258449928
4.195 0.005126953125 0.028564453125 1.0029296875 0.005111932102417865
4.207 0.005615234375 0.026611328125 1.003662109375 0.0055946874309873015
4.219 0.00537109375 0.02490234375 1.003662109375 0.005351444900966636
4.231 0.00439453125 0.026123046875 1.004638671875 0.004374212684674093
4.243 0.003173828125 0.02685546875 1.002685546875 0.0031653169182621127
4.255 0.005615234375 0.026123046875 1.00439453125 0.005590607773125171
4.267 0.004638671875 0.02734375 0.9990234375 0.004643172888349325
4.279 0.004638671875 0.02490234375 1.007080078125 0.004606028032730453
4.291 0.005126953125 0.026611328125 1.00537109375 0.005099518689666912
4.303 0.00390625 0.025390625 1.0029296875 0.0038948196434464184
4.315 0.005615234375 0.027587890625 1.00146484375 0.0056069622073707985
4.327 0.0009765625 0.027587890625 1.0048828125 0.0009718169924106491
4.339 0.002685546875 0.026123046875 1.003662109375 0.00267574160743029
4.351 0.006103515625 0.02734375 1.003173828125 0.00608413033030497
4.363 0.003662109375 0.027587890625 1.002685546875 0.0036522847100128254
4.375 0.004638671875 0.027099609375 1.005126953125 0.004614978166705475
4.387 0.004638671875 0.02587890625 1.0009765625 0.004634113168644188
4.399 0.005126953125 0.023681640625 1.0048828125 0.005101996546915073
4.411 0.004638671875 0.026123046875 1.0048828125 0.004616099379683243
4.423 0.005126953125 0.025390625 1.00439453125 0.0051044768132956775
4.435 0.00341796875 0.026611328125 1.003662109375 0.003405484280981905
4.447 0.00390625 0.02587890625 1.001220703125 0.0039014676466354627
4.459 0.004150390625 0.02734375 1.002685546875 0.004139250769573852
4.471 0.006103515625 0.0283203125 1.007080078125 0.006060531858310412
4.483 0.005615234375 0.02490234375 1.00390625 0.00559332688363082
4.495 0.00390625 0.02685546875 1.00439453125 0.003889139360984967
4.507 0.0029296875 0.027587890625 1.006591796875 0.002910493843338156
4.519 0.002197265625 0.02734375 1.00341796875 0.0021897775218050163
4.531 -0.1943359375 -0.010498046875 0.09326171875 -1.1233580376365648
4.542 -0.031005859375 0.033203125 1.308837890625 -0.023685180121255322
4.555 -0.134521484375 -0.002685546875 0.95556640625 -0.13985762847177785
4.567 0.216552734375 0.054443359375 1.012451171875 0.21071453912370097
4.579 0.216796875 -0.04150390625 1.122802734375 0.1907382031102783
4.591 -0.041259765625 -0.039306640625 0.910888671875 -0.045265226633261366
4.603 -0.008544921875 0.005859375 0.7802734375 -0.010950751231029062
4.614 -0.20166015625 0.056884765625 1.443115234375 -0.13884040938350878
4.627 0.03076171875 0.037841796875 1.125244140625 0.027331010003255066
4.638 0.002197265625 0.019287109375 0.80615234375 0.0027256140863332885
4.651 0.027587890625 0.00390625 1.0283203125 0.02682167645124317
4.662 0.002197265625 0.02783203125 1.022216796875 0.002149507078780436
4.675 -0.017578125 0.041015625 0.9404296875 -0.018689412446905664
4.686 0.00537109375 0.024169921875 1.0712890625 0.005013631646613716
4.699 0.001953125 0.02294921875 1.021484375 0.0019120435590111774
4.71 0.008544921875 0.0322265625 0.9208984375 0.009278630852601425
4.723 0.018310546875 0.02783203125 1.01708984375 0.0180009359055836
4.734 0.011962890625 0.01904296875 1.04345703125 0.011464167837584437
4.747 -0.005126953125 0.030029296875 0.97998046875 -0.00523164135753646
4.758 0.00390625 0.028564453125 1.026123046875 0.0038067862743935417
4.771 0.0048828125 0.024658203125 0.99169921875 0.004923643127686151
4.782 -0.00244140625 0.0263671875 0.978271484375 -0.002495627461809322
4.795 0.01171875 0.0244140625 1.049560546875 0.011164923353154027
4.806 0.00634765625 0.03076171875 0.99658203125 0.00636934061866319
4.819 0.00048828125 0.029052734375 0.971435546875 0.0005026388116535512
4.83 0.00927734375 0.025390625 1.04248046875 0.008899062501030662
4.842 -0.004150390625 0.02490234375 0.989990234375 -0.00419233055600876
4.854 0.002197265625 0.02587890625 1.005126953125 0.0021860543268143974
4.866 0.0087890625 0.028076171875 1.01611328125 0.008649471945012784
4.878 0.00439453125 0.03076171875 0.966552734375 0.00454657134932126
4.89 0.009033203125 0.0244140625 1.023681640625 0.008824001832716165
4.902 0.005615234375 0.02294921875 1.020751953125 0.005501020807646301
4.914 0.000244140625 0.025634765625 0.9814453125 0.0002487562137744897
4.926 0.004638671875 0.0234375 1.018798828125 0.004553047857241365
4.938 0.001953125 0.026611328125 1.0 0.0019531225164788188
4.95 0.002197265625 0.02880859375 0.99951171875 0.0021983354914407744
4.962 0.0048828125 0.027099609375 1.021240234375 0.00478122103735844
4.974 0.004638671875 0.026611328125 0.991455078125 0.004678616440926607
4.986 0.007568359375 0.02392578125 1.005615234375 0.007525956474283683
4.998 0.005859375 0.02392578125 1.020263671875 0.005742937580465047
5.01 0.0009765625 0.02587890625 0.994384765625 0.0009820767773222494
5.022 0.001708984375 0.02587890625 1.007568359375 0.0016961456959554628
5.034 0.001708984375 0.029052734375 1.003173828125 0.0017035758647522495
5.046 0.004150390625 0.026123046875 0.997802734375 0.004159506229042946
5.058 0.0068359375 0.025146484375 1.01220703125 0.0067533946745945836
5.07 0.0048828125 0.02490234375 0.999755859375 0.004883966051017796
5.082 0.001220703125 0.02587890625 0.99560546875 0.0012260906067932292
5.094 0.004638671875 0.02587890625 1.013427734375 0.004577178345681641
5.106 0.00341796875 0.025634765625 1.002197265625 0.0034104618077448108
5.118 0.005615234375 0.02685546875 1.00439453125 0.005590607773125171
5.13 0.007568359375 0.027099609375 1.000732421875 0.007562676016680087
5.142 0.00537109375 0.02783203125 0.999267578125 0.00537497877759141
5.154 0.004638671875 0.025634765625 1.010009765625 0.004592667733469919
5.166 0.004638671875 0.026611328125 1.00146484375 0.0046318537601252345
5.178 0.005126953125 0.027587890625 0.99951171875 0.005129412756118805
5.19 0.00390625 0.025634765625 1.010009765625 0.003867517579299471
5.202 0.0029296875 0.0263671875 1.0048828125 0.0029154436347751177
5.213 0.004150390625 0.027587890625 1.00537109375 0.004128194130313715
5.226 0.005126953125 0.028564453125 1.006103515625 0.005095806413245406
5.238 0.004150390625 0.02490234375 1.003662109375 0.00413522332753143
5.25 0.004150390625 0.02734375 1.00341796875 0.004136229453119932
5.261 0.001953125 0.02734375 1.007080078125 0.0019393915078850172
5.274 0.0029296875 0.028564453125 1.002197265625 0.002923255984964266
5.285 0.00439453125 0.0283203125 1.00732421875 0.0043625510927636675
5.298 0.00390625 0.02734375 1.005615234375 0.0038844184333132726
5.309 0.007080078125 0.02490234375 0.9970703125 0.007100762144239071
5.322 0.005126953125 0.024169921875 1.0078125 0.005087165417859384
5.333 0.001708984375 0.025146484375 1.002685546875 0.0017044054593791309
5.346 0.00341796875 0.0263671875 1.005859375 0.003398045173618247
5.357 0.004638671875 0.025634765625 1.005859375 0.004611617793371548
5.37 0.005859375 0.026611328125 1.00146484375 0.005850737725577666
5.381 0.0029296875 0.027099609375 1.006591796875 0.002910493843338156
5.394 0.00537109375 0.02880859375 1.0048828125 0.00534494424144527
5.405 0.003662109375 0.029052734375 1.00341796875 0.003649618832445925
5.418 0.0048828125 0.026123046875 1.005126953125 0.004857868028631024
5.429 0.00341796875 0.026611328125 1.00830078125 0.0033898175244388117
5.441 0.004150390625 0.02490234375 1.006103515625 0.004125188927246554
5.453 0.005615234375 0.02978515625 1.008544921875 0.005567601633196472
5.466 0.00537109375 0.02880859375 1.002685546875 0.005356656824592244
5.477 0.005126953125 0.02734375 1.0048828125 0.005101996546915073
5.49 0.005615234375 0.025634765625 1.004150390625 0.005591966997837577
5.501 0.0048828125 0.026123046875 1.00244140625 0.004870882082270197
5.514 0.00341796875 0.02880859375 1.0029296875 0.0034079712268844315
5.525 0.005126953125 0.026611328125 1.004150390625 0.005105717851008862
5.537 0.005859375 0.02783203125 1.004638671875 0.005832254648318019
5.549 0.005126953125 0.027099609375 1.0029296875 0.005111932102417865
5.561 0.003173828125 0.02587890625 1.001220703125 0.003169947928838833
5.573 0.005615234375 0.02734375 1.002685546875 0.005600136245710135
5.585 0.00439453125 0.027099609375 1.003173828125 0.004380599869048777
5.597 0.00244140625 0.02685546875 1.001708984375 0.0024372362173021925
5.609 0.005126953125 0.026611328125 1.005615234375 0.005098280663370881
5.621 0.00634765625 0.025634765625 1.00830078125 0.006295316351175996
5.633 0.006591796875 0.02783203125 1.00439453125 0.006562861535858792
5.645 0.00537109375 0.02392578125 1.00830078125 0.005326826129712152
5.657 0.005126953125 0.025390625 1.00341796875 0.005109444587521653
5.671 0.004638671875 0.024658203125 1.005859375 0.004611617793371548
5.681 0.0029296875 0.027099609375 1.002685546875 0.002921832444986905
5.693 0.004150390625 0.0283203125 1.005126953125 0.004129196837919163
5.705 0.00537109375 0.026123046875 1.00439453125 0.005347542609150672
5.717 0.004150390625 0.02587890625 1.00537109375 0.004128194130313715
5.729 0.005126953125 0.02685546875 1.00244140625 0.005114422040548232
5.741 0.003173828125 0.025634765625 1.00927734375 0.003144643722441656
5.753 0.0029296875 0.027587890625 1.004150390625 0.002917570131563041
5.765 0.00390625 0.026611328125 1.005615234375 0.0038844184333132726
5.777 0.003662109375 0.025146484375 1.004150390625 0.003646956843780679
5.789 0.00439453125 0.02490234375 1.0048828125 0.004373149964336744
5.801 0.005126953125 0.02587890625 1.00048828125 0.0051244060963673305
5.813 0.00390625 0.025146484375 1.002197265625 0.0038976660114452646
5.825 0.005615234375 0.025634765625 1.006591796875 0.005578404419986263
5.837 0.00537109375 0.02685546875 1.002197265625 0.005359266595253303
5.849 0.0048828125 0.02734375 1.005859375 0.004854330801675483
5.861 0.004638671875 0.02685546875 1.00927734375 0.00459600053686801
5.873 0.00390625 0.027587890625 1.0029296875 0.0038948196434464184
5.885 0.003173828125 0.0263671875 1.00341796875 0.003163006483372512
5.897 0.00439453125 0.024169921875 1.005126953125 0.0043720877602491
5.909 0.0078125 0.027099609375 1.005859375 0.007766834112738556
5.921 0.005615234375 0.0263671875 1.0048828125 0.005587891305015597
5.933 0.006103515625 0.026611328125 1.0048828125 0.006073783424571149
5.945 0.0048828125 0.027099609375 1.00439453125 0.004861410414278964
5.956 0.005126953125 0.026123046875 1.005615234375 0.005098280663370881
5.969 0.006591796875 0.0263671875 1.005615234375 0.006554895192773348
5.981 0.00390625 0.027099609375 1.005615234375 0.0038844184333132726
5.993 0.003173828125 0.02734375 1.003662109375 0.003162237087752303
6.004 0.004638671875 0.026123046875 1.00634765625 0.004609380261854007
6.017 0.0068359375 0.02880859375 1.0048828125 0.006802616154808816
6.028 0.004638671875 0.0263671875 1.00634765625 0.004609380261854007
6.041 0.005859375 0.02587890625 1.00341796875 0.005839349687431077
6.052 0.00341796875 0.026123046875 1.0068359375 0.0033947493258449928
6.065 0.005126953125 0.02685546875 1.0029296875 0.005111932102417865
6.076 0.004150390625 0.02734375 1.00146484375 0.004144296117457372
6.089 0.0048828125 0.027587890625 1.002685546875 0.004869696105871839
6.1 0.00390625 0.026611328125 1.005126953125 0.0038863054283732944
6.113 0.005859375 0.0263671875 1.002685546875 0.005843615002845795
6.124 0.00537109375 0.027099609375 1.004638671875 0.005346243109587955
6.137 0.004150390625 0.0263671875 1.00537109375 0.004128194130313715
6.148 0.004150390625 0.028564453125 1.00341796875 0.004136229453119932
6.161 0.005126953125 0.026123046875 1.0009765625 0.0051219064298050005
6.172 0.005615234375 0.027099609375 1.00146484375 0.0056069622073707985
6.185 0.00341796875 0.02783203125 1.00390625 0.003404656105407737
6.196 0.005126953125 0.027587890625 1.004150390625 0.005105717851008862
6.209 0.00537109375 0.028076171875 1.001953125 0.0053605724344199775
6.22 0.00390625 0.0283203125 1.005126953125 0.0038863054283732944
6.232 0.005126953125 0.027587890625 1.006103515625 0.005095806413245406
6.244 0.00634765625 0.0263671875 1.00634765625 0.0063075340116155905
6.257 0.005126953125 0.02783203125 1.0068359375 0.005092099537667878
6.268 0.0029296875 0.028564453125 1.001953125 0.002923968275248199
6.28 0.00439453125 0.02685546875 1.004150390625 0.004376339675604069
6.292 0.003662109375 0.025390625 1.0078125 0.003633704937229659
6.304 0.00244140625 0.026123046875 1.00390625 0.002431901820566799
6.316 0.004638671875 0.02685546875 1.0009765625 0.004634113168644188
6.328 0.00537109375 0.024658203125 1.005859375 0.005339755073879784
6.34 0.004150390625 0.0263671875 1.00439453125 0.004132207885452554
6.352 0.004638671875 0.02685546875 1.002685546875 0.004626214866001467
6.364 0.004150390625 0.02783203125 1.0048828125 0.0041302000327406
6.376 0.00634765625 0.026611328125 1.000244140625 0.006346021717143139
6.388 0.00537109375 0.027587890625 1.006103515625 0.005338459355944858
6.4 0.004150390625 0.025390625 1.00390625 0.004134217691295258
6.412 0.006103515625 0.02685546875 1.0068359375 0.006062001398417835
6.424 0.0048828125 0.02685546875 1.00439453125 0.004861410414278964
6.436 0.005126953125 0.02685546875 1.00390625 0.005106959492323874
6.448 0.002197265625 0.028564453125 1.002197265625 0.0021924447209631707
6.46 0.003173828125 0.02783203125 1.003173828125 0.003163776253481853
6.472 0.00390625 0.02685546875 1.003173828125 0.0038938717777201298
6.484 0.00341796875 0.026611328125 1.00390625 0.003404656105407737
6.496 0.0029296875 0.025634765625 1.004150390625 0.002917570131563041
6.508 0.0068359375 0.026611328125 1.00390625 0.006809233281255388
6.52 0.004150390625 0.0283203125 1.0048828125 0.0041302000327406
6.532 0.00439453125 0.026611328125 1.00439453125 0.0043752759216375975
6.544 0.005859375 0.025146484375 1.0048828125 0.005830837708949565
6.556 0.004638671875 0.026611328125 1.005859375 0.004611617793371548
6.568 0.00390625 0.029052734375 1.009033203125 0.0038712606027277974
6.58 0.00390625 0.025634765625 1.005615234375 0.0038844184333132726
6.592 0.005126953125 0.02783203125 1.002685546875 0.005113176768357527
6.604 0.00537109375 0.026611328125 1.001708984375 0.005361878910097319
6.616 0.00390625 0.02685546875 0.998779296875 0.003911004258492746
6.628 0.004150390625 0.025390625 1.00390625 0.004134217691295258
6.64 0.005615234375 0.02880859375 1.00244140625 0.005601500108135315
6.651 0.00634765625 0.0263671875 1.00732421875 0.006301419259352503
6.664 0.003662109375 0.02685546875 1.00244140625 0.0036531742015421084
6.675 0.001708984375 0.027099609375 1.005615234375 0.0016994399759911374
6.688 0.00537109375 0.02783203125 1.00146484375 0.005363186022750823
6.699 0.00439453125 0.026611328125 1.00390625 0.004377403946950692
6.712 0.00439453125 0.026611328125 1.0078125 0.004360437480466392
6.723 0.0048828125 0.026611328125 1.005859375 0.004854330801675483
6.736 0.00634765625 0.024169921875 1.00244140625 0.006332112153796139
6.747 0.003662109375 0.0263671875 1.006591796875 0.0036381115257492686
6.76 0.003662109375 0.027099609375 1.006103515625 0.003639877155159662
6.771 0.00634765625 0.025146484375 1.0048828125 0.006316728423204816
6.784 0.00341796875 0.028076171875 1.005615234375 0.003398870135746593
6.795 0.00244140625 0.02685546875 1.004150390625 0.0024313105508766315
6.808 0.004150390625 0.02490234375 1.00537109375 0.004128194130313715
6.819 0.003662109375 0.027587890625 1.00634765625 0.003638994126285854
6.832 0.005126953125 0.026123046875 1.00439453125 0.0051044768132956775
6.843 0.00439453125 0.02587890625 1.001220703125 0.004389145187095516
6.856 0.00439453125 0.026611328125 1.003662109375 0.004378468736055012
6.867 0.38232421875 -0.011962890625 1.003173828125 0.3641206325361004
6.88 0.26123046875 0.020263671875 1.078857421875 0.2375638838335453
6.891 -0.0966796875 0.041259765625 1.026123046875 -0.09394109526690482
6.904 -0.287109375 0.0986328125 1.02685546875 -0.2726382739350027
6.915 -0.19189453125 0.096435546875 1.03369140625 -0.18355057097204389
6.927 -0.01513671875 0.051513671875 1.008056640625 -0.01501461391739738
6.939 0.05859375 0.009765625 0.992919921875 0.058943199297222235
6.951 0.08154296875 0.02490234375 0.977783203125 0.08320322304429024
6.963 0.022705078125 0.02685546875 1.0 0.022701177686423622
6.976 -0.02099609375 0.027587890625 1.0087890625 -0.02081016098127631
6.987 -0.028076171875 0.028564453125 1.0205078125 -0.027505023531504445
6.999 0.011962890625 0.02783203125 1.002685546875 0.011930283717394097
7.011 0.043212890625 0.027099609375 0.993408203125 0.04347222553955883
7.023 0.034423828125 0.027099609375 0.9951171875 0.03457894932387923
7.035 0.005126953125 0.027587890625 1.005126953125 0.005100757317368867
7.047 -0.011474609375 0.029541015625 1.013671875 -0.011319362390350732
7.059 -0.000244140625 0.028564453125 1.0078125 -0.00024224805727679897
7.071 0.021240234375 0.027099609375 0.997314453125 0.021294210463620462
7.083 0.026611328125 0.027587890625 0.998291015625 0.026650572980568422
7.095 0.015869140625 0.028076171875 1.0029296875 0.01582146454157364
7.107 0.001953125 0.0302734375 1.005615234375 0.0019422165430405124
7.119 0.000244140625 0.027587890625 1.009521484375 0.00024183796384638444
7.131 0.0126953125 0.028564453125 1.0 0.012694630527381817
7.143 0.02001953125 0.026123046875 1.00244140625 0.01996812011800114
7.155 0.015625 0.027587890625 1.0048828125 0.015547823835584958
7.167 0.006591796875 0.02685546875 1.00439453125 0.006562861535858792
7.179 0.006591796875 0.02685546875 1.009521484375 0.006529532354479914
7.191 0.01171875 0.0283203125 1.00341796875 0.011678301181669987
7.203 0.014892578125 0.027587890625 1.002197265625 0.014858833286336798
7.215 0.01416015625 0.0302734375 1.000244140625 0.014155754413190088
7.227 0.009521484375 0.0302734375 1.0068359375 0.009456556122495406
7.239 0.007568359375 0.0283203125 1.008056640625 0.007507730091796951
7.251 0.007568359375 0.02978515625 1.005126953125 0.007529612375226205
7.263 0.01220703125 0.0283203125 1.002685546875 0.01217373508120258
7.275 0.015380859375 0.02685546875 1.00439453125 0.015312366573422682
7.287 0.00927734375 0.0283203125 1.001953125 0.009258994662123083
7.299 0.0087890625 0.02734375 1.003662109375 0.008756769599399217
7.311 0.0087890625 0.02880859375 1.00537109375 0.008741885125949787
7.323 0.012451171875 0.029052734375 1.007568359375 0.0123570157849067
7.335 0.0146484375 0.026123046875 1.004150390625 0.014586857381830331
7.347 0.01318359375 0.02880859375 1.000732421875 0.013173182818844267
7.359 0.009765625 0.02734375 1.004638671875 0.00972022848623098
7.37 0.009765625 0.029541015625 1.00341796875 0.009732052835521707
7.383 0.01123046875 0.027587890625 1.003662109375 0.011189024650562936
7.394 0.0126953125 0.02880859375 1.00390625 0.01264524035359706
7.407 0.01123046875 0.028564453125 1.0078125 0.01114294964047907
7.418 0.00927734375 0.028076171875 1.00244140625 0.009254484936900672
7.431 0.009765625 0.027587890625 1.002685546875 0.009739161263332838
7.442 0.011474609375 0.0263671875 1.001953125 0.011451741086300975
7.455 0.01123046875 0.02880859375 1.004150390625 0.011183584294867804
7.466 0.010009765625 0.028076171875 1.00439453125 0.009965639936791995
7.479 0.010009765625 0.029541015625 1.002685546875 0.009982624316901025
7.49 0.010009765625 0.02880859375 1.002197265625 0.009987487635121658
7.503 0.012451171875 0.02978515625 1.004638671875 0.012393047140648582
7.514 0.012939453125 0.0283203125 1.00830078125 0.012832225391908118
7.527 0.01220703125 0.030029296875 1.003662109375 0.012161891214398549
7.538 0.010009765625 0.026611328125 1.005615234375 0.009953543576835125
7.551 0.01025390625 0.02783203125 1.005126953125 0.010201249228343645
7.562 0.01025390625 0.028076171875 1.005859375 0.01019382164901075
7.575 0.0107421875 0.02783203125 1.005859375 0.010679205660418443
7.586 0.0107421875 0.02734375 1.001708984375 0.010723449532613269
7.599 0.0107421875 0.02783203125 1.0068359375 0.010668848342361582
7.61 0.01123046875 0.026611328125 1.00830078125 0.01113755398529527
7.623 0.012451171875 0.02880859375 1.0048828125 0.012390036504425005
7.634 0.01123046875 0.0283203125 1.006591796875 0.011156461677353183
7.647 0.01025390625 0.02734375 1.00048828125 0.010248543077796598
7.658 0.009521484375 0.02783203125 1.003173828125 0.009491075431078237
7.671 0.0087890625 0.028076171875 1.001953125 0.008771704844442806
7.682 0.01025390625 0.0283203125 1.0048828125 0.010203727493954234
7.694 0.0107421875 0.0263671875 1.007568359375 0.010661093527973219
7.706 0.009033203125 0.0302734375 1.00634765625 0.00897598406576581
7.718 0.009765625 0.02783203125 1.006103515625 0.009706077138153869
7.73 0.010498046875 0.028076171875 1.006103515625 0.010433981933424475
7.742 0.010986328125 0.02783203125 1.00439453125 0.01093782339474425
7.754 0.0087890625 0.028564453125 1.005126953125 0.008744008380649166
7.766 0.009033203125 0.029296875 1.001708984375 0.00901754742754976
7.778 0.009033203125 0.027099609375 1.003173828125 0.009004380633209443
7.79 0.010009765625 0.02783203125 1.00537109375 0.009955960499110968
7.802 0.011474609375 0.027099609375 1.005615234375 0.01141004135808316
7.814 0.010986328125 0.029541015625 1.004150390625 0.010940482512353295
7.826 0.01123046875 0.028564453125 1.008056640625 0.011140251159583031
7.838 0.01171875 0.0283203125 1.004638671875 0.011664112553076382
7.85 0.011474609375 0.02783203125 1.005859375 0.011407272170841391
7.862 0.0078125 0.02783203125 1.002685546875 0.007791417692887657
7.874 0.55712890625 -0.0869140625 1.017822265625 0.500824445579741
7.886 0.063720703125 0.08740234375 0.84130859375 0.07559565621001964
7.898 -0.18505859375 0.0283203125 0.995849609375 -0.18373404515156322
7.91 -0.29443359375 0.003173828125 1.041259765625 -0.2755724212134461
7.922 -0.25927734375 0.042724609375 1.00634765625 -0.2521580269545241
7.934 -0.07080078125 0.100830078125 0.99658203125 -0.07092444311106492
7.946 0.07763671875 0.030517578125 1.003173828125 0.07723713735140486
7.958 0.05419921875 0.02294921875 0.990234375 0.05467916909149364
7.97 -0.0107421875 0.024169921875 0.979736328125 -0.01096392647392053
7.982 0.018798828125 0.048583984375 0.994384765625 0.01890273232026553
7.994 -0.000732421875 0.01025390625 1.01123046875 -0.0007242876570273712
8.006 0.00244140625 0.02490234375 0.98876953125 0.0024691307846836956
8.018 0.0234375 0.011474609375 0.993408203125 0.023588644327095162
8.03 0.04736328125 0.0302734375 1.005859375 0.047052623819397885
8.042 0.0810546875 0.02392578125 0.998046875 0.08103546031886037
8.054 0.04833984375 0.02490234375 1.003173828125 0.048149662352418736
8.066 0.0703125 0.032958984375 0.99951171875 0.07023115105605846
8.078 0.03369140625 -0.00146484375 1.012939453125 0.03324876937606154
8.089 0.056884765625 0.028564453125 1.00732421875 0.0564112444185677
8.102 0.0322265625 0.03369140625 1.00048828125 0.03219970149638825
8.113 0.043212890625 0.024169921875 1.000244140625 0.04317549500869598
8.126 0.031005859375 0.0263671875 1.002197265625 0.03092801554202697
8.137 0.02685546875 0.02783203125 1.007080078125 0.026660348374597954
8.15 0.0263671875 0.028076171875 1.004638671875 0.026239419831036174
8.161 0.036865234375 0.02685546875 1.001708984375 0.03678573806118065
8.174 0.03955078125 0.02587890625 1.00146484375 0.039472417207824406
8.185 0.034423828125 0.02734375 1.00390625 0.03427645343804535
8.198 0.02880859375 0.02783203125 1.00390625 0.02868862486070073
8.209 0.029296875 0.0283203125 1.006103515625 0.029110919742492337
8.222 0.0341796875 0.030517578125 1.0029296875 0.03406665954293268
8.233 0.035400390625 0.029052734375 1.005859375 0.03517965469392708
8.246 0.032958984375 0.029296875 1.00537109375 0.032771167754959404
8.257 0.03125 0.02734375 1.004638671875 0.031095684365959584
8.27 0.02783203125 0.027099609375 1.001708984375 0.02777740148633268
8.281 0.03076171875 0.027587890625 1.003173828125 0.03065478935277727
8.294 0.033203125 0.0234375 1.0 0.033190931497111595
8.305 0.035400390625 0.027587890625 1.006103515625 0.035171125053869275
8.318 0.03125 0.027587890625 1.006591796875 0.0310353871040642
8.329 0.03125 0.026611328125 1.00634765625 0.03104291147450057
8.342 0.031494140625 0.02734375 1.00341796875 0.031376560635851564
8.353 0.035400390625 0.02685546875 1.005859375 0.03517965469392708
8.365 0.03369140625 0.02783203125 1.0 0.033678667098098865
8.377 0.03271484375 0.0283203125 1.00244140625 0.03262358937081718
8.39 0.032470703125 0.02734375 1.0029296875 0.03236454702786596
8.401 0.033447265625 0.028076171875 1.00537109375 0.033256311256297744
8.413 0.033203125 0.02783203125 1.00244140625 0.03311015543893085
8.425 0.032958984375 0.02783203125 0.9990234375 0.03297924073471127
8.437 0.031982421875 0.0283203125 1.00244140625 0.03189371136601628
8.449 0.031982421875 0.02587890625 1.002197265625 0.031901475575393495
8.461 0.032470703125 0.02685546875 1.002197265625 0.03238818302777602
8.473 0.03125 0.027099609375 1.00341796875 0.03113348924010037
8.485 0.031494140625 0.026123046875 1.000244140625 0.0314760544983182
8.497 0.031494140625 0.027587890625 1.0029296875 0.03139182643741945
8.509 0.030029296875 0.02783203125 1.003662109375 0.029910804404524875
8.521 0.033447265625 0.02783203125 1.003662109375 0.03331289654806198
8.533 0.0341796875 0.02587890625 1.000732421875 0.03414140021047205
8.545 0.033935546875 0.0263671875 1.0048828125 0.03375782190470991
8.557 0.0322265625 0.026611328125 1.0009765625 0.03218400517175529
8.569 0.032958984375 0.030029296875 1.00244140625 0.03286687435085441
8.581 0.033447265625 0.026611328125 1.002685546875 0.03334531750746727
8.593 0.031494140625 0.02783203125 1.0029296875 0.03139182643741945
8.605 0.033203125 0.02734375 0.9990234375 0.033223352342559596
8.617 0.031494140625 0.026611328125 1.00439453125 0.031346073517288985
8.629 0.031005859375 0.02734375 1.008056640625 0.030748358667374836
8.641 0.031982421875 0.0283203125 1.0087890625 0.03169315968080589
8.653 0.031982421875 0.02685546875 1.002197265625 0.031901475575393495
8.665 0.03125 0.027587890625 1.001953125 0.031178976565689073
8.677 0.03125 0.02734375 1.000244140625 0.031232213337608096
8.689 0.033203125 0.026611328125 1.004638671875 0.033037792286705406
8.701 0.031982421875 0.0283203125 1.00244140625 0.03189371136601628
8.713 0.033935546875 0.02880859375 1.001953125 0.033856453684105337
8.725 0.03271484375 0.027099609375 1.00439453125 0.03256019507969995
8.737 0.031982421875 0.02783203125 1.006103515625 0.03177769994203865
8.749 0.03369140625 0.0263671875 1.001220703125 0.033637636553557365
8.761 0.031982421875 0.02685546875 1.00341796875 0.03186269227217565
8.773 0.033447265625 0.028564453125 1.0009765625 0.03340220623726208
8.785 0.031005859375 0.02880859375 1.00390625 0.030875399192619158
8.797 0.03466796875 0.029052734375 1.00341796875 0.034536140854601494
8.808 0.0322265625 0.027099609375 1.001953125 0.03215265837070661
8.821 0.03369140625 0.028076171875 1.00048828125 0.03366224287908981
8.832 0.031982421875 0.027099609375 1.001708984375 0.031917015336540185
8.845 0.03173828125 0.025146484375 1.002685546875 0.03164270979383407
8.856 0.03271484375 0.027587890625 1.004150390625 0.032568105893889046
8.869 0.032958984375 0.02734375 0.99755859375 0.03302763321706266
8.88 0.030517578125 0.0263671875 1.002685546875 0.0304264484831907
8.893 0.03271484375 0.027099609375 0.998779296875 0.03274312121930093
8.904 0.031982421875 0.029541015625 1.00390625 0.03184720533295703
8.917 0.033447265625 0.02587890625 1.00341796875 0.033320995878247196
8.928 0.032470703125 0.0263671875 1.005615234375 0.032278175952791546
8.941 0.839599609375 -0.111083984375 0.97900390625 0.7088931906495837
8.952 0.432373046875 0.04443359375 1.017822265625 0.40170302158294396
8.965 -0.006591796875 0.04345703125 1.083740234375 -0.006082375994931091
8.976 -0.2919921875 -0.005859375 1.027587890625 -0.27685561668754627
8.989 -0.272705078125 -0.009033203125 1.07421875 -0.24861170799634447
9.0 -0.14208984375 0.054931640625 1.040771484375 -0.1356847294345307
9.012 0.043212890625 0.096923828125 0.990478515625 0.04360064723021973
9.024 0.04296875 0.028564453125 0.991943359375 0.04329068177474411
9.037 0.02294921875 0.018310546875 0.988525390625 0.023211439344258747
9.048 0.056884765625 0.04052734375 1.00732421875 0.0564112444185677
9.061 0.044189453125 0.047119140625 1.003173828125 0.04402118934795369
9.072 0.065673828125 0.0234375 1.024169921875 0.06403628324743757
9.085 0.102294921875 0.0283203125 1.0 0.1019403322877585
9.096 0.03076171875 0.0234375 0.989990234375 0.03106275507109486
9.108 0.091796875 0.04296875 1.0068359375 0.09092223962148593
9.12 0.06396484375 0.0341796875 1.00634765625 0.06347598784236569
9.132 0.0390625 0.0087890625 0.987060546875 0.03955393286424885
9.144 0.070068359375 0.02490234375 1.023193359375 0.06837333029742532
9.156 0.04296875 0.030029296875 1.0009765625 0.042900491111618956
9.168 0.054931640625 0.0283203125 1.020751953125 0.05376301687774693
9.18 0.067138671875 0.052978515625 1.036376953125 0.06469169998918872
9.192 0.08251953125 0.02783203125 1.015869140625 0.0810525140188575
9.204 0.104248046875 0.0341796875 0.9931640625 0.1045826178521867
9.216 0.0693359375 0.026123046875 0.993408203125 0.06968301206571409
9.228 0.05078125 0.024169921875 1.0009765625 0.05068825156743479
9.24 0.0283203125 0.02587890625 1.00537109375 0.028161566987892423
9.252 0.044189453125 0.031005859375 1.00927734375 0.04375531577619407
9.264 0.038818359375 0.026611328125 1.005859375 0.03857309086404189
9.276 0.048095703125 0.02392578125 0.99853515625 0.04812906254296099
9.288 0.05126953125 0.022705078125 0.998046875 0.05132474841563139
9.3 0.046630859375 0.02587890625 1.00048828125 0.04657439627176834
9.312 0.04150390625 0.029296875 1.005859375 0.04123874267430222
9.324 0.04248046875 0.02880859375 1.0048828125 0.04224889685609742
9.336 0.047119140625 0.02734375 1.00048828125 0.04706137024296733
9.348 0.05126953125 0.027099609375 1.0 0.05122468020280009
9.36 0.04833984375 0.023681640625 1.000244140625 0.048290472556577334
9.372 0.041259765625 0.0263671875 1.00439453125 0.041056157852428346
9.384 0.03857421875 0.028076171875 1.0078125 0.038256519279238475
9.396 0.04296875 0.026123046875 1.00146484375 0.04287959988228235
9.408 0.044189453125 0.02490234375 1.000732421875 0.04412844509834688
9.42 0.0478515625 0.0244140625 1.00341796875 0.04765246262766865
9.432 0.043701171875 0.02587890625 1.0029296875 0.04354596949622732
9.444 0.042724609375 0.025146484375 1.001953125 0.042615509034527384
9.456 0.04052734375 0.025390625 1.00439453125 0.040328147387079454
9.468 0.044921875 0.02587890625 1.006591796875 0.04459810632247664
9.48 0.046875 0.026611328125 1.005615234375 0.046579539230047554
9.492 0.04541015625 0.025634765625 0.99853515625 0.04544546073160155
9.503 0.044677734375 0.026611328125 1.000244140625 0.04463715958395654
9.516 0.041748046875 0.0263671875 1.000732421875 0.04169331631023068
9.528 0.04296875 0.0263671875 1.00244140625 0.04283787836725612
9.54 0.043212890625 0.025634765625 1.000244140625 0.04317549500869598
9.551 0.04541015625 0.02490234375 1.00341796875 0.04522461708394816
9.564 0.04345703125 0.0244140625 1.0009765625 0.043387388543461095
9.575 0.0419921875 0.025146484375 1.003173828125 0.04183491014857144
9.588 0.04296875 0.027587890625 1.00146484375 0.04287959988228235
9.599 0.04345703125 0.025390625 1.00048828125 0.04340853686902144
9.612 0.044921875 0.026611328125 1.002685546875 0.04477161943738984
9.623 0.04443359375 0.026123046875 1.003173828125 0.04426408365022267
9.636 0.04443359375 0.025146484375 1.0009765625 0.04436112142664163
9.647 0.044189453125 0.025390625 1.00390625 0.04398911415189102
9.66 0.04296875 0.027099609375 1.005126953125 0.04272356146263394
9.671 0.0419921875 0.026611328125 0.999755859375 0.04197776780744283
9.684 0.042724609375 0.02587890625 1.0029296875 0.0425740640418552
9.695 0.043212890625 0.024658203125 1.003173828125 0.043049560446241426
9.708 0.042724609375 0.023681640625 1.00146484375 0.04263626178665063
9.719 0.044921875 0.025146484375 1.0048828125 0.04467385265304543
9.732 0.044677734375 0.02685546875 1.001953125 0.044561124911580124
9.743 0.04541015625 0.0244140625 1.0048828125 0.04515878164291397
9.756 0.041259765625 0.02783203125 1.00048828125 0.04121627407269855
9.767 0.041748046875 0.02490234375 1.003662109375 0.04157175398614551
9.78 0.0439453125 0.02685546875 1.003662109375 0.04375701890808918
9.791 0.043212890625 0.025390625 1.00439453125 0.042997304140030425
9.803 0.046142578125 0.02587890625 1.00048828125 0.046087400193937096
9.815 0.045166015625 0.02783203125 1.00537109375 0.04489453446914357
9.828 0.042724609375 0.025390625 1.004150390625 0.04252237095750842
9.839 0.0419921875 0.026123046875 1.004638671875 0.04177398248601794
9.851 0.04443359375 0.026611328125 1.003662109375 0.04424257728661707
9.863 0.04345703125 0.0263671875 1.003662109375 0.04327143988258964
9.875 0.04443359375 0.02734375 1.00146484375 0.04433952075004534
9.887 0.043212890625 0.02685546875 1.006591796875 0.042903561593587776
9.899 0.0419921875 0.02734375 1.00390625 0.04180442413055585
9.911 0.04345703125 0.02685546875 1.006103515625 0.043166568149058435
9.923 0.043212890625 0.027587890625 0.99951171875 0.04320709378727068
9.935 0.0439453125 0.0263671875 1.001220703125 0.04386358067968022
9.947 0.0419921875 0.026611328125 1.0029296875 0.04184508203211296
9.959 0.044189453125 0.02734375 1.00537109375 0.04392510369151395
9.971 0.04345703125 0.0263671875 1.006103515625 0.043166568149058435
9.983 0.04248046875 0.025146484375 1.0029296875 0.04233107503094769
9.995 0.041259765625 0.026123046875 1.004638671875 0.04104619186122623
10.007 0.042724609375 0.02734375 1.001708984375 0.04262588288620832
10.019 0.042236328125 0.026611328125 0.9990234375 0.04225245288073212
10.031 0.0439453125 0.02587890625 1.00390625 0.04374639118266844
10.043 0.043701171875 0.025390625 1.0009765625 0.043630829554853215
10.055 0.044189453125 0.025146484375 1.00439453125 0.04396775662626627
10.067 0.0439453125 0.027099609375 1.00390625 0.04374639118266844
10.079 0.044189453125 0.02587890625 1.003173828125 0.04402118934795369
10.091 0.043701171875 0.02587890625 1.00048828125 0.04365209624021314
10.103 0.041259765625 0.026123046875 1.002197265625 0.0411460699033034
10.115 0.042724609375 0.025634765625 1.001220703125 0.04264664573953868
10.127 0.04345703125 0.02880859375 1.002685546875 0.043313531303594215
10.139 0.045166015625 0.0283203125 1.00244140625 0.045025564096258346
10.151 0.043212890625 0.027587890625 1.00146484375 0.04312293289680942
10.163 0.04345703125 0.02734375 1.00244140625 0.043324066948818636
10.175 0.045166015625 0.02685546875 1.00439453125 0.04493812625046288
10.187 0.046142578125 0.025634765625 1.002197265625 0.04600892118491973
10.199 0.045166015625 0.0244140625 1.002685546875 0.04501461577452702
10.211 0.043212890625 0.026611328125 1.005126953125 0.04296601116929639
10.223 0.04150390625 0.02587890625 1.005126953125 0.04126875867105383
10.235 0.043701171875 0.025146484375 0.999755859375 0.043684035143993674
10.246 0.042236328125 0.026123046875 1.00146484375 0.042149570466714845
10.259 0.041259765625 0.027587890625 1.0029296875 0.04111605551949617
10.27 0.043212890625 0.02783203125 1.003662109375 0.04302864269837448
10.283 0.0439453125 0.026123046875 1.000732421875 0.043884955306890114
10.294 0.045166015625 0.02734375 1.000244140625 0.04512433900820096
10.307 0.043701171875 0.0263671875 1.00244140625 0.04356715356871297
10.318 0.0458984375 0.024169921875 1.004638671875 0.04565476600224345
10.331 0.044189453125 0.026611328125 1.001220703125 0.044106952183887244
10.342 0.04296875 0.02587890625 1.001953125 0.04285872897737038
10.355 0.043212890625 0.026123046875 1.00146484375 0.04312293289680942
10.366 0.0400390625 0.0263671875 1.0009765625 0.039978687123290044
10.379 0.042724609375 0.02587890625 1.0009765625 0.04265703474856041
10.39 0.043212890625 0.027099609375 1.00244140625 0.043080975205476595
10.403 0.04345703125 0.025634765625 1.002685546875 0.043313531303594215
10.414 0.04248046875 0.027587890625 1.005615234375 0.04221816219164485
10.427 0.043212890625 0.029296875 1.000244140625 0.04317549500869598
10.438 0.0419921875 0.02734375 1.002197265625 0.04187562736575914
10.45 0.043701171875 0.0283203125 1.001708984375 0.043598968326946506
10.462 0.042236328125 0.027587890625 1.002685546875 0.04209831680515962
10.474 0.04296875 0.026611328125 1.000732421875 0.04291094435722067
10.486 0.04296875 0.025634765625 1.005126953125 0.04272356146263394
10.499 0.04248046875 0.025390625 1.0 0.042454943102749
10.51 0.04296875 0.02587890625 1.00048828125 0.04292140269506477
10.523 0.04345703125 0.02783203125 1.00341796875 0.04328195507130676
10.534 0.041748046875 0.024169921875 1.002197265625 0.04163244646238081
10.547 0.041259765625 0.025146484375 1.005126953125 0.041026274378534684
10.558 0.043212890625 0.0263671875 1.00341796875 0.04303909903228064
10.57 0.04296875 0.027587890625 1.00439453125 0.04275467828424801
10.582 0.04296875 0.025390625 1.005859375 0.042692489874174885
10.594 0.042236328125 0.025634765625 1.000244140625 0.04220094900634661
10.606 0.0419921875 0.027099609375 1.0029296875 0.04184508203211296
10.618 0.043212890625 0.025146484375 0.99951171875 0.04320709378727068
10.63 0.04248046875 0.028076171875 1.00146484375 0.04239291863857376
10.642 0.044677734375 0.02783203125 1.00341796875 0.04449615806872461
10.654 0.043701171875 0.025390625 1.003173828125 0.043535385178626755
10.666 0.042236328125 0.02685546875 1.00048828125 0.04219066328628562
10.678 0.043212890625 0.025146484375 1.0 0.043186022801443916
10.69 0.042236328125 0.025634765625 1.00048828125 0.04219066328628562
10.702 0.040771484375 0.026123046875 1.003662109375 0.04060039635522831
10.714 0.042236328125 0.02734375 1.00341796875 0.042067624360555084
10.726 0.04345703125 0.0263671875 1.002685546875 0.043313531303594215
10.738 0.044921875 0.025146484375 1.00146484375 0.04482611932093124
10.75 0.044677734375 0.0263671875 1.0009765625 0.0446045415674988
10.762 0.044921875 0.025390625 1.0048828125 0.04467385265304543
10.774 0.0419921875 0.025146484375 1.002197265625 0.04187562736575914
10.786 0.04443359375 0.026123046875 1.00390625 0.04423183193469068
10.798 0.042236328125 0.025390625 0.998291015625 0.04228341555685675
10.81 0.0419921875 0.026123046875 1.002685546875 0.04185525886042123
10.822 0.04296875 0.027099609375 1.006103515625 0.042682142712801394
10.834 0.04248046875 0.02685546875 1.001953125 0.0423722840466044
10.846 0.041015625 0.025390625 1.0029296875 0.040873036925666975
10.858 0.04296875 0.024658203125 1.001220703125 0.04289004295454364
10.87 0.043212890625 0.026611328125 1.002197265625 0.043091456976698944
10.882 0.044189453125 0.025390625 1.001220703125 0.044106952183887244
10.894 0.0439453125 0.02734375 1.003173828125 0.04377828984792295
10.906 0.044677734375 0.028564453125 1.002197265625 0.044550283942028215
10.917 0.04296875 0.026611328125 1.001708984375 0.04286916189112632
10.93 0.042724609375 0.025390625 1.001953125 0.042615509034527384
10.942 0.045654296875 0.0263671875 1.0048828125 0.045401238182422116
10.954 0.04443359375 0.027099609375 1.003173828125 0.04426408365022267
10.965 0.042724609375 0.02490234375 1.002197265625 0.04260514022792703
10.978 0.044921875 0.025390625 0.9990234375 0.04493551784266347
10.989 0.041015625 0.025634765625 1.00244140625 0.04089292367535978
11.002 0.043701171875 0.029296875 1.00390625 0.04350366305545738
11.014 0.043701171875 0.026611328125 1.0029296875 0.04354596949622732
11.026 0.0439453125 0.028564453125 1.00537109375 0.04368273301673205
11.037 0.043701171875 0.027099609375 1.0029296875 0.04354596949622732
11.05 0.04296875 0.02880859375 1.002197265625 0.042848301137312965
11.061 0.04248046875 0.026611328125 1.001220703125 0.04240324346840062
11.074 0.04248046875 0.026123046875 1.00244140625 0.04235166952047485
11.085 0.043212890625 0.02685546875 1.00341796875 0.04303909903228064
11.098 0.04345703125 0.026123046875 1.003662109375 0.04327143988258964
11.109 0.043701171875 0.02392578125 1.006591796875 0.04338774281498967
11.122 0.0439453125 0.02587890625 1.003662109375 0.04375701890808918
11.133 0.04296875 0.026611328125 1.0009765625 0.042900491111618956
11.145 0.041748046875 0.02734375 1.005126953125 0.0415112381078202
11.157 0.042236328125 0.025390625 1.00439453125 0.0420267706092736
11.17 0.043212890625 0.0263671875 1.001708984375 0.04311243581864482
11.181 0.043701171875 0.029052734375 1.0048828125 0.04346143868757566
11.194 0.04443359375 0.025634765625 1.00048828125 0.04438274314586907
11.205 0.044921875 0.0263671875 0.999755859375 0.04490264229734029
11.217 0.0439453125 0.02490234375 1.00048828125 0.04389565042923656
11.229 0.0439453125 0.02587890625 1.001953125 0.0438315577256377
11.242 0.04150390625 0.026123046875 1.0029296875 0.041359069254217035
11.253 0.04248046875 0.0263671875 1.00244140625 0.04235166952047485
11.265 0.04345703125 0.025146484375 1.0009765625 0.043387388543461095
